# cumulus (cont.,clean
#
# size distribution: gamma    
# ------------------
#
#   minimum radius, [um]:      2.000E-02
#   maximum radius, [um]:      5.000E+01
#                      A:      1.110E-03
#                  ALPHA:      5.000E+00
#                      B:      7.820E-02
#                  Gamma:      2.160E+00
#
# optical parameters:
# -------------------
#
# wavelength ext.coef  sca.coef  abs.coef  si.sc.alb  asym.par  ext.nor    ref.real  ref.imag
#     [um]     [1/km]    [1/km]    [1/km]
#
#  2.500E-01 1.765E-01 1.765E-01 1.557E-06 1.000E+00 0.857E+00 9.779E-01  1.362E+00 -3.350E-08
#  3.000E-01 1.773E-01 1.773E-01 5.919E-07 1.000E+00 0.856E+00 9.826E-01  1.349E+00 -1.600E-08
#  3.500E-01 1.779E-01 1.779E-01 2.439E-07 1.000E+00 0.863E+00 9.858E-01  1.343E+00 -6.500E-09
#  4.000E-01 1.791E-01 1.791E-01 4.269E-08 1.000E+00 0.863E+00 9.922E-01  1.339E+00 -1.860E-09
#  4.500E-01 1.792E-01 1.792E-01 1.068E-08 1.000E+00 0.870E+00 9.930E-01  1.337E+00 -1.020E-09
#  5.000E-01 1.800E-01 1.800E-01 0.000E+00 1.000E+00 0.867E+00 9.975E-01  1.335E+00 -1.000E-09
#  5.500E-01 1.805E-01 1.805E-01 4.303E-08 1.000E+00 0.866E+00 1.000E+00  1.333E+00 -1.960E-09
#  6.000E-01 1.818E-01 1.818E-01 2.818E-07 1.000E+00 0.861E+00 1.008E+00  1.332E+00 -1.090E-08
#  6.500E-01 1.823E-01 1.823E-01 3.152E-07 1.000E+00 0.860E+00 1.010E+00  1.331E+00 -1.640E-08
#  7.000E-01 1.831E-01 1.831E-01 6.219E-07 1.000E+00 0.855E+00 1.014E+00  1.331E+00 -3.350E-08
#  7.500E-01 1.833E-01 1.833E-01 2.940E-06 1.000E+00 0.854E+00 1.016E+00  1.330E+00 -1.560E-07
#  8.000E-01 1.837E-01 1.837E-01 1.982E-06 1.000E+00 0.853E+00 1.018E+00  1.329E+00 -1.250E-07
#  9.000E-01 1.849E-01 1.849E-01 6.821E-06 1.000E+00 0.844E+00 1.024E+00  1.328E+00 -4.860E-07
#  1.000E+00 1.870E-01 1.870E-01 4.297E-05 9.998E-01 0.840E+00 1.036E+00  1.327E+00 -2.890E-06
#  1.250E+00 1.899E-01 1.898E-01 9.332E-05 9.995E-01 0.833E+00 1.052E+00  1.323E+00 -8.700E-06
#  1.500E+00 1.918E-01 1.900E-01 1.781E-03 9.907E-01 0.827E+00 1.063E+00  1.321E+00 -2.000E-04
#  1.750E+00 1.958E-01 1.950E-01 8.023E-04 9.959E-01 0.812E+00 1.085E+00  1.313E+00 -1.000E-04
#  2.000E+00 1.980E-01 1.908E-01 7.166E-03 9.638E-01 0.809E+00 1.097E+00  1.306E+00 -1.100E-03
#  2.500E+00 1.980E-01 1.896E-01 8.426E-03 9.574E-01 0.813E+00 1.097E+00  1.261E+00 -1.740E-03
#  3.000E+00 1.972E-01 9.661E-02 1.006E-01 4.899E-01 0.934E+00 1.093E+00  1.371E+00 -2.720E-01
#  3.200E+00 2.039E-01 1.025E-01 1.014E-01 5.026E-01 0.912E+00 1.130E+00  1.478E+00 -9.240E-02
#  3.390E+00 2.050E-01 1.416E-01 6.347E-02 6.904E-01 0.801E+00 1.136E+00  1.423E+00 -2.314E-02
#  3.500E+00 2.043E-01 1.714E-01 3.286E-02 8.391E-01 0.747E+00 1.132E+00  1.400E+00 -9.400E-03
#  3.750E+00 2.101E-01 1.974E-01 1.269E-02 9.396E-01 0.732E+00 1.164E+00  1.369E+00 -3.500E-03
#  4.000E+00 2.254E-01 2.104E-01 1.502E-02 9.333E-01 0.763E+00 1.249E+00  1.351E+00 -4.600E-03
#  4.500E+00 2.549E-01 2.215E-01 3.345E-02 8.688E-01 0.826E+00 1.413E+00  1.332E+00 -1.340E-02
#  5.000E+00 2.746E-01 2.462E-01 2.843E-02 8.965E-01 0.843E+00 1.522E+00  1.325E+00 -1.240E-02
#  5.500E+00 2.812E-01 2.574E-01 2.383E-02 9.153E-01 0.868E+00 1.558E+00  1.298E+00 -1.160E-02
#  6.000E+00 2.134E-01 1.232E-01 9.018E-02 5.774E-01 0.912E+00 1.182E+00  1.265E+00 -1.070E-01
#  6.200E+00 2.467E-01 1.570E-01 8.972E-02 6.363E-01 0.878E+00 1.367E+00  1.363E+00 -8.800E-02
#  6.500E+00 2.663E-01 2.102E-01 5.607E-02 7.895E-01 0.864E+00 1.476E+00  1.339E+00 -3.920E-02
#  7.200E+00 2.480E-01 2.043E-01 4.377E-02 8.236E-01 0.868E+00 1.374E+00  1.312E+00 -3.210E-02
#  7.900E+00 2.186E-01 1.772E-01 4.141E-02 8.106E-01 0.867E+00 1.211E+00  1.294E+00 -3.390E-02
#  8.200E+00 2.047E-01 1.639E-01 4.084E-02 8.005E-01 0.866E+00 1.134E+00  1.286E+00 -3.510E-02
#  8.500E+00 1.908E-01 1.502E-01 4.063E-02 7.871E-01 0.865E+00 1.057E+00  1.278E+00 -3.670E-02
#  8.700E+00 1.812E-01 1.407E-01 4.056E-02 7.762E-01 0.864E+00 1.004E+00  1.272E+00 -3.790E-02
#  9.000E+00 1.666E-01 1.260E-01 4.054E-02 7.566E-01 0.862E+00 9.230E-01  1.262E+00 -3.990E-02
#  9.200E+00 1.570E-01 1.163E-01 4.069E-02 7.408E-01 0.860E+00 8.700E-01  1.255E+00 -4.150E-02
#  9.500E+00 1.425E-01 1.014E-01 4.115E-02 7.113E-01 0.858E+00 7.897E-01  1.243E+00 -4.440E-02
#  9.800E+00 1.281E-01 8.624E-02 4.182E-02 6.734E-01 0.856E+00 7.096E-01  1.229E+00 -4.790E-02
#  1.000E+01 1.184E-01 7.591E-02 4.248E-02 6.412E-01 0.855E+00 6.560E-01  1.218E+00 -5.080E-02
#  1.060E+01 9.473E-02 4.689E-02 4.785E-02 4.949E-01 0.849E+00 5.249E-01  1.179E+00 -6.740E-02
#  1.100E+01 9.213E-02 3.412E-02 5.801E-02 3.704E-01 0.844E+00 5.105E-01  1.153E+00 -9.680E-02
#  1.150E+01 9.783E-02 2.844E-02 6.939E-02 2.907E-01 0.834E+00 5.421E-01  1.126E+00 -1.420E-01
#  1.250E+01 1.269E-01 3.731E-02 8.959E-02 2.940E-01 0.805E+00 7.032E-01  1.123E+00 -2.590E-01
#  1.300E+01 1.388E-01 4.291E-02 9.584E-02 3.093E-01 0.790E+00 7.688E-01  1.146E+00 -3.050E-01
#  1.400E+01 1.562E-01 5.194E-02 1.042E-01 3.326E-01 0.764E+00 8.654E-01  1.210E+00 -3.700E-01
#  1.480E+01 1.639E-01 5.618E-02 1.077E-01 3.428E-01 0.746E+00 9.080E-01  1.258E+00 -3.960E-01
#  1.500E+01 1.657E-01 5.719E-02 1.085E-01 3.452E-01 0.741E+00 9.179E-01  1.270E+00 -4.020E-01
#  1.640E+01 1.742E-01 6.230E-02 1.119E-01 3.577E-01 0.709E+00 9.650E-01  1.346E+00 -4.270E-01
#  1.720E+01 1.768E-01 6.435E-02 1.125E-01 3.639E-01 0.692E+00 9.798E-01  1.386E+00 -4.290E-01
#  1.800E+01 1.784E-01 6.601E-02 1.124E-01 3.699E-01 0.674E+00 9.887E-01  1.423E+00 -4.260E-01
#  1.850E+01 1.786E-01 6.665E-02 1.119E-01 3.732E-01 0.664E+00 9.895E-01  1.443E+00 -4.210E-01
#  2.000E+01 1.735E-01 6.563E-02 1.079E-01 3.783E-01 0.634E+00 9.613E-01  1.480E+00 -3.930E-01
#  2.130E+01 1.662E-01 6.211E-02 1.041E-01 3.738E-01 0.606E+00 9.207E-01  1.491E+00 -3.790E-01
#  2.250E+01 1.605E-01 5.964E-02 1.009E-01 3.715E-01 0.581E+00 8.896E-01  1.506E+00 -3.700E-01
#  2.500E+01 1.481E-01 5.390E-02 9.420E-02 3.640E-01 0.528E+00 8.206E-01  1.531E+00 -3.560E-01
#  2.790E+01 1.318E-01 4.637E-02 8.548E-02 3.517E-01 0.468E+00 7.306E-01  1.549E+00 -3.390E-01
#  3.000E+01 1.193E-01 4.025E-02 7.901E-02 3.375E-01 0.426E+00 6.608E-01  1.551E+00 -3.280E-01
#  3.500E+01 9.689E-02 2.721E-02 6.968E-02 2.808E-01 0.330E+00 5.369E-01  1.532E+00 -3.360E-01
#  4.000E+01 8.787E-02 1.968E-02 6.819E-02 2.239E-01 0.254E+00 4.869E-01  1.519E+00 -3.850E-01
#
# volume phase function [1/km]:
# -----------------------------
#
# sca.ang. | wavelengths --->
# ---------|------------------
#          | 2.500E-01 3.000E-01 3.500E-01 4.000E-01 4.500E-01 5.000E-01 5.500E-01 6.000E-01 6.500E-01 7.000E-01 7.500E-01 8.000E-01 9.000E-01 1.000E+00 1.250E+00 1.500E+00 1.750E+00 2.000E+00 2.500E+00 3.000E+00 3.200E+00 3.390E+00 3.500E+00 3.750E+00 4.000E+00 4.500E+00 5.000E+00 5.500E+00 6.000E+00 6.200E+00 6.500E+00 7.200E+00 7.900E+00 8.200E+00 8.500E+00 8.700E+00 9.000E+00 9.200E+00 9.500E+00 9.800E+00 1.000E+01 1.060E+01 1.100E+01 1.150E+01 1.250E+01 1.300E+01 1.400E+01 1.480E+01 1.500E+01 1.640E+01 1.720E+01 1.800E+01 1.850E+01 2.000E+01 2.130E+01 2.250E+01 2.500E+01 2.790E+01 3.000E+01 3.500E+01 4.000E+01
#
  0.000E+00  1.616E+02 1.135E+02 8.384E+01 6.502E+01 5.153E+01 4.208E+01 3.503E+01 2.983E+01 2.555E+01 2.221E+01 1.938E+01 1.716E+01 1.378E+01 1.139E+01 7.565E+00 5.338E+00 4.123E+00 3.269E+00 2.054E+00 1.390E+00 1.302E+00 1.208E+00 1.139E+00 9.933E-01 9.570E-01 9.712E-01 9.610E-01 9.361E-01 4.621E-01 5.217E-01 6.067E-01 5.084E-01 3.840E-01 3.353E-01 2.905E-01 2.622E-01 2.226E-01 1.983E-01 1.641E-01 1.327E-01 1.131E-01 6.352E-02 4.367E-02 3.395E-02 3.928E-02 4.257E-02 4.597E-02 4.553E-02 4.536E-02 4.281E-02 4.094E-02 3.904E-02 3.773E-02 3.285E-02 2.822E-02 2.496E-02 1.938E-02 1.438E-02 1.138E-02 6.389E-03 4.004E-03
  1.000E-01  1.582E+02 1.119E+02 8.292E+01 6.447E+01 5.119E+01 4.185E+01 3.487E+01 2.971E+01 2.547E+01 2.215E+01 1.934E+01 1.712E+01 1.376E+01 1.137E+01 7.558E+00 5.334E+00 4.121E+00 3.268E+00 2.053E+00 1.390E+00 1.301E+00 1.208E+00 1.139E+00 9.932E-01 9.569E-01 9.711E-01 9.609E-01 9.360E-01 4.621E-01 5.217E-01 6.067E-01 5.084E-01 3.840E-01 3.353E-01 2.905E-01 2.622E-01 2.226E-01 1.983E-01 1.641E-01 1.327E-01 1.130E-01 6.352E-02 4.367E-02 3.395E-02 3.928E-02 4.257E-02 4.597E-02 4.553E-02 4.536E-02 4.281E-02 4.094E-02 3.904E-02 3.773E-02 3.285E-02 2.822E-02 2.496E-02 1.938E-02 1.438E-02 1.138E-02 6.389E-03 4.004E-03
  2.000E-01  1.483E+02 1.069E+02 8.022E+01 6.285E+01 5.017E+01 4.117E+01 3.440E+01 2.937E+01 2.522E+01 2.196E+01 1.920E+01 1.701E+01 1.368E+01 1.132E+01 7.537E+00 5.324E+00 4.115E+00 3.265E+00 2.052E+00 1.389E+00 1.301E+00 1.207E+00 1.139E+00 9.929E-01 9.566E-01 9.709E-01 9.608E-01 9.359E-01 4.620E-01 5.216E-01 6.066E-01 5.084E-01 3.840E-01 3.352E-01 2.904E-01 2.622E-01 2.226E-01 1.983E-01 1.641E-01 1.327E-01 1.130E-01 6.352E-02 4.367E-02 3.395E-02 3.928E-02 4.257E-02 4.597E-02 4.552E-02 4.536E-02 4.281E-02 4.094E-02 3.904E-02 3.773E-02 3.285E-02 2.822E-02 2.496E-02 1.938E-02 1.438E-02 1.138E-02 6.389E-03 4.004E-03
  3.000E-01  1.332E+02 9.920E+01 7.591E+01 6.024E+01 4.851E+01 4.007E+01 3.363E+01 2.882E+01 2.482E+01 2.166E+01 1.896E+01 1.683E+01 1.357E+01 1.125E+01 7.503E+00 5.308E+00 4.105E+00 3.259E+00 2.049E+00 1.388E+00 1.300E+00 1.206E+00 1.138E+00 9.923E-01 9.562E-01 9.706E-01 9.605E-01 9.357E-01 4.619E-01 5.215E-01 6.065E-01 5.083E-01 3.839E-01 3.352E-01 2.904E-01 2.622E-01 2.226E-01 1.983E-01 1.641E-01 1.327E-01 1.130E-01 6.351E-02 4.367E-02 3.395E-02 3.928E-02 4.257E-02 4.597E-02 4.552E-02 4.536E-02 4.280E-02 4.094E-02 3.904E-02 3.773E-02 3.285E-02 2.822E-02 2.496E-02 1.938E-02 1.438E-02 1.138E-02 6.389E-03 4.004E-03
  4.000E-01  1.146E+02 8.930E+01 7.026E+01 5.677E+01 4.628E+01 3.857E+01 3.258E+01 2.806E+01 2.426E+01 2.124E+01 1.864E+01 1.658E+01 1.341E+01 1.114E+01 7.456E+00 5.285E+00 4.092E+00 3.251E+00 2.046E+00 1.386E+00 1.299E+00 1.205E+00 1.137E+00 9.916E-01 9.555E-01 9.701E-01 9.601E-01 9.353E-01 4.618E-01 5.214E-01 6.064E-01 5.082E-01 3.838E-01 3.352E-01 2.904E-01 2.622E-01 2.225E-01 1.983E-01 1.640E-01 1.327E-01 1.130E-01 6.350E-02 4.367E-02 3.394E-02 3.927E-02 4.257E-02 4.597E-02 4.552E-02 4.536E-02 4.280E-02 4.094E-02 3.904E-02 3.773E-02 3.285E-02 2.822E-02 2.496E-02 1.938E-02 1.438E-02 1.138E-02 6.389E-03 4.004E-03
  5.000E-01  9.440E+01 7.799E+01 6.361E+01 5.259E+01 4.356E+01 3.672E+01 3.128E+01 2.711E+01 2.356E+01 2.071E+01 1.824E+01 1.626E+01 1.320E+01 1.100E+01 7.396E+00 5.255E+00 4.075E+00 3.240E+00 2.042E+00 1.384E+00 1.297E+00 1.204E+00 1.136E+00 9.906E-01 9.547E-01 9.694E-01 9.596E-01 9.349E-01 4.616E-01 5.212E-01 6.062E-01 5.081E-01 3.838E-01 3.351E-01 2.903E-01 2.621E-01 2.225E-01 1.982E-01 1.640E-01 1.327E-01 1.130E-01 6.350E-02 4.366E-02 3.394E-02 3.927E-02 4.256E-02 4.596E-02 4.552E-02 4.535E-02 4.280E-02 4.094E-02 3.904E-02 3.772E-02 3.284E-02 2.822E-02 2.496E-02 1.938E-02 1.438E-02 1.138E-02 6.389E-03 4.004E-03
  6.000E-01  7.449E+01 6.609E+01 5.632E+01 4.790E+01 4.045E+01 3.458E+01 2.976E+01 2.600E+01 2.273E+01 2.008E+01 1.775E+01 1.588E+01 1.295E+01 1.083E+01 7.323E+00 5.220E+00 4.054E+00 3.228E+00 2.036E+00 1.382E+00 1.295E+00 1.202E+00 1.134E+00 9.894E-01 9.537E-01 9.687E-01 9.590E-01 9.345E-01 4.614E-01 5.209E-01 6.059E-01 5.079E-01 3.837E-01 3.350E-01 2.902E-01 2.621E-01 2.224E-01 1.982E-01 1.640E-01 1.327E-01 1.130E-01 6.349E-02 4.365E-02 3.394E-02 3.927E-02 4.256E-02 4.596E-02 4.551E-02 4.535E-02 4.280E-02 4.094E-02 3.903E-02 3.772E-02 3.284E-02 2.822E-02 2.496E-02 1.938E-02 1.438E-02 1.138E-02 6.389E-03 4.003E-03
  7.000E-01  5.634E+01 5.435E+01 4.878E+01 4.288E+01 3.706E+01 3.221E+01 2.806E+01 2.474E+01 2.179E+01 1.936E+01 1.720E+01 1.544E+01 1.267E+01 1.064E+01 7.238E+00 5.178E+00 4.030E+00 3.213E+00 2.030E+00 1.379E+00 1.292E+00 1.200E+00 1.132E+00 9.880E-01 9.525E-01 9.678E-01 9.583E-01 9.339E-01 4.612E-01 5.207E-01 6.056E-01 5.077E-01 3.835E-01 3.349E-01 2.902E-01 2.620E-01 2.224E-01 1.981E-01 1.640E-01 1.326E-01 1.130E-01 6.348E-02 4.365E-02 3.393E-02 3.926E-02 4.255E-02 4.595E-02 4.551E-02 4.534E-02 4.279E-02 4.093E-02 3.903E-02 3.772E-02 3.284E-02 2.821E-02 2.495E-02 1.938E-02 1.438E-02 1.138E-02 6.388E-03 4.003E-03
  8.000E-01  4.090E+01 4.338E+01 4.132E+01 3.774E+01 3.350E+01 2.968E+01 2.622E+01 2.336E+01 2.075E+01 1.856E+01 1.658E+01 1.495E+01 1.234E+01 1.042E+01 7.140E+00 5.130E+00 4.002E+00 3.196E+00 2.023E+00 1.375E+00 1.289E+00 1.198E+00 1.130E+00 9.864E-01 9.512E-01 9.667E-01 9.574E-01 9.332E-01 4.609E-01 5.204E-01 6.053E-01 5.075E-01 3.834E-01 3.348E-01 2.901E-01 2.619E-01 2.223E-01 1.981E-01 1.639E-01 1.326E-01 1.129E-01 6.346E-02 4.364E-02 3.393E-02 3.925E-02 4.255E-02 4.595E-02 4.550E-02 4.534E-02 4.279E-02 4.093E-02 3.903E-02 3.772E-02 3.284E-02 2.821E-02 2.495E-02 1.938E-02 1.438E-02 1.138E-02 6.388E-03 4.003E-03
  9.000E-01  2.861E+01 3.363E+01 3.425E+01 3.266E+01 2.988E+01 2.705E+01 2.428E+01 2.189E+01 1.964E+01 1.769E+01 1.590E+01 1.441E+01 1.199E+01 1.017E+01 7.032E+00 5.076E+00 3.970E+00 3.177E+00 2.014E+00 1.371E+00 1.286E+00 1.195E+00 1.128E+00 9.845E-01 9.497E-01 9.655E-01 9.565E-01 9.325E-01 4.605E-01 5.200E-01 6.050E-01 5.072E-01 3.833E-01 3.347E-01 2.900E-01 2.618E-01 2.223E-01 1.980E-01 1.639E-01 1.326E-01 1.129E-01 6.345E-02 4.363E-02 3.392E-02 3.925E-02 4.254E-02 4.594E-02 4.550E-02 4.533E-02 4.278E-02 4.092E-02 3.902E-02 3.771E-02 3.283E-02 2.821E-02 2.495E-02 1.937E-02 1.438E-02 1.138E-02 6.388E-03 4.003E-03
  1.000E+00  1.941E+01 2.537E+01 2.778E+01 2.779E+01 2.629E+01 2.438E+01 2.227E+01 2.036E+01 1.846E+01 1.677E+01 1.518E+01 1.383E+01 1.160E+01 9.905E+00 6.912E+00 5.016E+00 3.935E+00 3.155E+00 2.005E+00 1.367E+00 1.282E+00 1.192E+00 1.125E+00 9.825E-01 9.479E-01 9.642E-01 9.555E-01 9.316E-01 4.602E-01 5.196E-01 6.046E-01 5.070E-01 3.831E-01 3.345E-01 2.899E-01 2.617E-01 2.222E-01 1.980E-01 1.638E-01 1.325E-01 1.129E-01 6.343E-02 4.362E-02 3.391E-02 3.924E-02 4.253E-02 4.593E-02 4.549E-02 4.532E-02 4.278E-02 4.092E-02 3.902E-02 3.771E-02 3.283E-02 2.821E-02 2.495E-02 1.937E-02 1.438E-02 1.138E-02 6.388E-03 4.003E-03
  1.100E+00  1.292E+01 1.867E+01 2.208E+01 2.325E+01 2.283E+01 2.174E+01 2.025E+01 1.879E+01 1.724E+01 1.581E+01 1.442E+01 1.322E+01 1.119E+01 9.619E+00 6.783E+00 4.951E+00 3.897E+00 3.132E+00 1.995E+00 1.362E+00 1.278E+00 1.189E+00 1.122E+00 9.802E-01 9.461E-01 9.627E-01 9.543E-01 9.307E-01 4.598E-01 5.192E-01 6.041E-01 5.067E-01 3.829E-01 3.344E-01 2.897E-01 2.616E-01 2.221E-01 1.979E-01 1.638E-01 1.325E-01 1.128E-01 6.341E-02 4.361E-02 3.390E-02 3.923E-02 4.252E-02 4.592E-02 4.548E-02 4.532E-02 4.277E-02 4.091E-02 3.901E-02 3.770E-02 3.283E-02 2.821E-02 2.495E-02 1.937E-02 1.438E-02 1.138E-02 6.387E-03 4.003E-03
  1.200E+00  8.619E+00 1.347E+01 1.721E+01 1.915E+01 1.956E+01 1.917E+01 1.825E+01 1.721E+01 1.600E+01 1.482E+01 1.363E+01 1.258E+01 1.076E+01 9.315E+00 6.643E+00 4.881E+00 3.855E+00 3.106E+00 1.984E+00 1.357E+00 1.274E+00 1.185E+00 1.119E+00 9.777E-01 9.440E-01 9.611E-01 9.530E-01 9.297E-01 4.593E-01 5.187E-01 6.036E-01 5.063E-01 3.827E-01 3.342E-01 2.896E-01 2.615E-01 2.220E-01 1.978E-01 1.637E-01 1.324E-01 1.128E-01 6.339E-02 4.359E-02 3.389E-02 3.922E-02 4.251E-02 4.591E-02 4.547E-02 4.531E-02 4.276E-02 4.091E-02 3.901E-02 3.770E-02 3.282E-02 2.820E-02 2.494E-02 1.937E-02 1.437E-02 1.138E-02 6.387E-03 4.003E-03
  1.300E+00  5.911E+00 9.605E+00 1.319E+01 1.552E+01 1.655E+01 1.673E+01 1.630E+01 1.564E+01 1.475E+01 1.381E+01 1.283E+01 1.192E+01 1.030E+01 8.996E+00 6.495E+00 4.806E+00 3.811E+00 3.079E+00 1.972E+00 1.352E+00 1.269E+00 1.181E+00 1.115E+00 9.750E-01 9.418E-01 9.594E-01 9.517E-01 9.286E-01 4.589E-01 5.182E-01 6.031E-01 5.060E-01 3.824E-01 3.340E-01 2.895E-01 2.614E-01 2.219E-01 1.977E-01 1.636E-01 1.324E-01 1.128E-01 6.337E-02 4.358E-02 3.388E-02 3.921E-02 4.250E-02 4.590E-02 4.546E-02 4.530E-02 4.276E-02 4.090E-02 3.900E-02 3.769E-02 3.282E-02 2.820E-02 2.494E-02 1.937E-02 1.437E-02 1.138E-02 6.386E-03 4.002E-03
  1.400E+00  4.283E+00 6.845E+00 9.973E+00 1.241E+01 1.383E+01 1.444E+01 1.443E+01 1.411E+01 1.351E+01 1.280E+01 1.201E+01 1.124E+01 9.835E+00 8.663E+00 6.339E+00 4.726E+00 3.763E+00 3.050E+00 1.960E+00 1.346E+00 1.264E+00 1.177E+00 1.111E+00 9.721E-01 9.394E-01 9.575E-01 9.502E-01 9.274E-01 4.584E-01 5.176E-01 6.025E-01 5.056E-01 3.822E-01 3.338E-01 2.893E-01 2.612E-01 2.218E-01 1.976E-01 1.636E-01 1.323E-01 1.127E-01 6.335E-02 4.357E-02 3.387E-02 3.920E-02 4.249E-02 4.589E-02 4.545E-02 4.529E-02 4.275E-02 4.089E-02 3.899E-02 3.769E-02 3.281E-02 2.820E-02 2.494E-02 1.937E-02 1.437E-02 1.138E-02 6.386E-03 4.002E-03
  1.500E+00  3.325E+00 4.951E+00 7.476E+00 9.794E+00 1.142E+01 1.235E+01 1.266E+01 1.263E+01 1.229E+01 1.180E+01 1.118E+01 1.056E+01 9.356E+00 8.320E+00 6.175E+00 4.642E+00 3.713E+00 3.018E+00 1.946E+00 1.339E+00 1.259E+00 1.172E+00 1.107E+00 9.690E-01 9.368E-01 9.555E-01 9.486E-01 9.261E-01 4.578E-01 5.170E-01 6.019E-01 5.052E-01 3.819E-01 3.336E-01 2.891E-01 2.611E-01 2.217E-01 1.975E-01 1.635E-01 1.323E-01 1.127E-01 6.332E-02 4.355E-02 3.386E-02 3.919E-02 4.248E-02 4.588E-02 4.544E-02 4.528E-02 4.274E-02 4.088E-02 3.899E-02 3.768E-02 3.281E-02 2.819E-02 2.494E-02 1.936E-02 1.437E-02 1.138E-02 6.386E-03 4.002E-03
  1.600E+00  2.749E+00 3.695E+00 5.596E+00 7.654E+00 9.333E+00 1.045E+01 1.101E+01 1.123E+01 1.111E+01 1.082E+01 1.037E+01 9.877E+00 8.870E+00 7.968E+00 6.005E+00 4.553E+00 3.659E+00 2.985E+00 1.932E+00 1.332E+00 1.253E+00 1.167E+00 1.103E+00 9.657E-01 9.341E-01 9.534E-01 9.469E-01 9.248E-01 4.572E-01 5.164E-01 6.012E-01 5.047E-01 3.817E-01 3.334E-01 2.889E-01 2.609E-01 2.215E-01 1.974E-01 1.634E-01 1.322E-01 1.126E-01 6.330E-02 4.353E-02 3.385E-02 3.917E-02 4.246E-02 4.587E-02 4.543E-02 4.527E-02 4.273E-02 4.088E-02 3.898E-02 3.767E-02 3.280E-02 2.819E-02 2.493E-02 1.936E-02 1.437E-02 1.137E-02 6.385E-03 4.001E-03
  1.700E+00  2.372E+00 2.882E+00 4.221E+00 5.944E+00 7.557E+00 8.762E+00 9.503E+00 9.905E+00 9.986E+00 9.859E+00 9.566E+00 9.198E+00 8.380E+00 7.609E+00 5.829E+00 4.461E+00 3.604E+00 2.951E+00 1.917E+00 1.325E+00 1.247E+00 1.162E+00 1.098E+00 9.623E-01 9.311E-01 9.511E-01 9.451E-01 9.233E-01 4.566E-01 5.157E-01 6.005E-01 5.042E-01 3.814E-01 3.331E-01 2.887E-01 2.607E-01 2.214E-01 1.973E-01 1.633E-01 1.321E-01 1.126E-01 6.327E-02 4.351E-02 3.383E-02 3.916E-02 4.245E-02 4.585E-02 4.542E-02 4.525E-02 4.272E-02 4.087E-02 3.897E-02 3.767E-02 3.280E-02 2.818E-02 2.493E-02 1.936E-02 1.437E-02 1.137E-02 6.385E-03 4.001E-03
  1.800E+00  2.091E+00 2.359E+00 3.241E+00 4.609E+00 6.074E+00 7.286E+00 8.136E+00 8.677E+00 8.918E+00 8.938E+00 8.784E+00 8.530E+00 7.891E+00 7.247E+00 5.648E+00 4.365E+00 3.546E+00 2.914E+00 1.901E+00 1.317E+00 1.240E+00 1.157E+00 1.094E+00 9.586E-01 9.281E-01 9.487E-01 9.432E-01 9.218E-01 4.559E-01 5.150E-01 5.998E-01 5.037E-01 3.810E-01 3.329E-01 2.885E-01 2.606E-01 2.213E-01 1.972E-01 1.632E-01 1.321E-01 1.125E-01 6.324E-02 4.349E-02 3.382E-02 3.914E-02 4.243E-02 4.584E-02 4.540E-02 4.524E-02 4.271E-02 4.086E-02 3.896E-02 3.766E-02 3.279E-02 2.818E-02 2.493E-02 1.936E-02 1.437E-02 1.137E-02 6.384E-03 4.001E-03
  1.900E+00  1.856E+00 2.015E+00 2.558E+00 3.591E+00 4.859E+00 6.016E+00 6.915E+00 7.551E+00 7.916E+00 8.060E+00 8.027E+00 7.878E+00 7.405E+00 6.882E+00 5.463E+00 4.266E+00 3.485E+00 2.876E+00 1.884E+00 1.309E+00 1.233E+00 1.151E+00 1.088E+00 9.547E-01 9.248E-01 9.461E-01 9.412E-01 9.202E-01 4.552E-01 5.142E-01 5.990E-01 5.032E-01 3.807E-01 3.326E-01 2.883E-01 2.604E-01 2.211E-01 1.970E-01 1.631E-01 1.320E-01 1.124E-01 6.321E-02 4.347E-02 3.381E-02 3.913E-02 4.242E-02 4.582E-02 4.539E-02 4.523E-02 4.270E-02 4.085E-02 3.895E-02 3.765E-02 3.279E-02 2.817E-02 2.492E-02 1.935E-02 1.436E-02 1.137E-02 6.383E-03 4.001E-03
  2.000E+00  1.646E+00 1.774E+00 2.088E+00 2.831E+00 3.883E+00 4.939E+00 5.839E+00 6.529E+00 6.985E+00 7.230E+00 7.302E+00 7.245E+00 6.926E+00 6.518E+00 5.274E+00 4.164E+00 3.423E+00 2.837E+00 1.867E+00 1.301E+00 1.226E+00 1.145E+00 1.083E+00 9.506E-01 9.214E-01 9.435E-01 9.390E-01 9.185E-01 4.545E-01 5.134E-01 5.982E-01 5.026E-01 3.803E-01 3.323E-01 2.881E-01 2.602E-01 2.209E-01 1.969E-01 1.630E-01 1.319E-01 1.124E-01 6.317E-02 4.345E-02 3.379E-02 3.911E-02 4.240E-02 4.581E-02 4.537E-02 4.521E-02 4.269E-02 4.084E-02 3.894E-02 3.764E-02 3.278E-02 2.817E-02 2.492E-02 1.935E-02 1.436E-02 1.137E-02 6.383E-03 4.000E-03
  3.000E+00  5.667E-01 6.630E-01 7.575E-01 8.208E-01 8.584E-01 9.229E-01 1.071E+00 1.311E+00 1.618E+00 1.943E+00 2.271E+00 2.550E+00 2.979E+00 3.269E+00 3.365E+00 3.055E+00 2.715E+00 2.378E+00 1.657E+00 1.197E+00 1.138E+00 1.071E+00 1.017E+00 8.998E-01 8.789E-01 9.100E-01 9.124E-01 8.971E-01 4.452E-01 5.033E-01 5.878E-01 4.955E-01 3.758E-01 3.286E-01 2.851E-01 2.576E-01 2.189E-01 1.952E-01 1.616E-01 1.309E-01 1.115E-01 6.275E-02 4.318E-02 3.359E-02 3.890E-02 4.219E-02 4.560E-02 4.518E-02 4.503E-02 4.253E-02 4.070E-02 3.882E-02 3.753E-02 3.270E-02 2.810E-02 2.486E-02 1.932E-02 1.434E-02 1.135E-02 6.375E-03 3.996E-03
  4.000E+00  2.899E-01 3.364E-01 3.771E-01 4.203E-01 4.653E-01 4.944E-01 5.167E-01 5.289E-01 5.515E-01 5.965E-01 6.770E-01 7.837E-01 1.045E+00 1.319E+00 1.819E+00 1.990E+00 1.970E+00 1.861E+00 1.403E+00 1.066E+00 1.025E+00 9.749E-01 9.308E-01 8.334E-01 8.229E-01 8.652E-01 8.764E-01 8.680E-01 4.325E-01 4.894E-01 5.735E-01 4.857E-01 3.696E-01 3.236E-01 2.810E-01 2.541E-01 2.161E-01 1.927E-01 1.598E-01 1.294E-01 1.103E-01 6.215E-02 4.279E-02 3.331E-02 3.861E-02 4.189E-02 4.531E-02 4.492E-02 4.477E-02 4.232E-02 4.051E-02 3.866E-02 3.738E-02 3.258E-02 2.801E-02 2.479E-02 1.927E-02 1.431E-02 1.133E-02 6.364E-03 3.989E-03
  5.000E+00  1.940E-01 2.169E-01 2.439E-01 2.635E-01 2.856E-01 3.101E-01 3.349E-01 3.453E-01 3.619E-01 3.696E-01 3.751E-01 3.901E-01 4.486E-01 5.331E-01 8.755E-01 1.168E+00 1.317E+00 1.364E+00 1.134E+00 9.179E-01 8.955E-01 8.641E-01 8.310E-01 7.554E-01 7.564E-01 8.111E-01 8.323E-01 8.320E-01 4.166E-01 4.722E-01 5.556E-01 4.734E-01 3.617E-01 3.172E-01 2.758E-01 2.496E-01 2.125E-01 1.897E-01 1.574E-01 1.276E-01 1.088E-01 6.140E-02 4.230E-02 3.295E-02 3.824E-02 4.151E-02 4.494E-02 4.458E-02 4.444E-02 4.205E-02 4.027E-02 3.844E-02 3.718E-02 3.243E-02 2.789E-02 2.469E-02 1.920E-02 1.427E-02 1.130E-02 6.350E-03 3.981E-03
  6.000E+00  1.527E-01 1.683E-01 1.829E-01 1.971E-01 2.048E-01 2.158E-01 2.340E-01 2.428E-01 2.595E-01 2.711E-01 2.774E-01 2.875E-01 2.987E-01 3.065E-01 4.334E-01 6.433E-01 8.262E-01 9.447E-01 8.773E-01 7.644E-01 7.593E-01 7.456E-01 7.236E-01 6.703E-01 6.829E-01 7.499E-01 7.817E-01 7.901E-01 3.981E-01 4.520E-01 5.346E-01 4.587E-01 3.524E-01 3.095E-01 2.696E-01 2.442E-01 2.082E-01 1.860E-01 1.545E-01 1.254E-01 1.070E-01 6.049E-02 4.171E-02 3.253E-02 3.780E-02 4.105E-02 4.449E-02 4.417E-02 4.404E-02 4.172E-02 3.998E-02 3.818E-02 3.694E-02 3.224E-02 2.775E-02 2.458E-02 1.913E-02 1.422E-02 1.126E-02 6.332E-03 3.972E-03
  8.000E+00  1.137E-01 1.222E-01 1.276E-01 1.329E-01 1.403E-01 1.464E-01 1.496E-01 1.581E-01 1.632E-01 1.682E-01 1.723E-01 1.789E-01 1.872E-01 1.994E-01 2.112E-01 2.390E-01 3.217E-01 4.114E-01 4.710E-01 4.802E-01 4.987E-01 5.128E-01 5.101E-01 4.967E-01 5.289E-01 6.156E-01 6.672E-01 6.934E-01 3.546E-01 4.044E-01 4.847E-01 4.236E-01 3.297E-01 2.909E-01 2.544E-01 2.310E-01 1.977E-01 1.770E-01 1.474E-01 1.200E-01 1.026E-01 5.823E-02 4.025E-02 3.146E-02 3.668E-02 3.990E-02 4.336E-02 4.314E-02 4.304E-02 4.089E-02 3.924E-02 3.753E-02 3.633E-02 3.178E-02 2.739E-02 2.428E-02 1.893E-02 1.409E-02 1.117E-02 6.288E-03 3.947E-03
  1.000E+01  9.545E-02 9.954E-02 1.056E-01 1.092E-01 1.133E-01 1.136E-01 1.185E-01 1.199E-01 1.233E-01 1.253E-01 1.313E-01 1.347E-01 1.364E-01 1.478E-01 1.580E-01 1.625E-01 1.822E-01 2.011E-01 2.403E-01 2.661E-01 2.915E-01 3.188E-01 3.287E-01 3.425E-01 3.858E-01 4.809E-01 5.463E-01 5.872E-01 3.057E-01 3.508E-01 4.277E-01 3.825E-01 3.026E-01 2.686E-01 2.362E-01 2.152E-01 1.849E-01 1.660E-01 1.388E-01 1.134E-01 9.717E-02 5.546E-02 3.845E-02 3.014E-02 3.530E-02 3.847E-02 4.196E-02 4.186E-02 4.178E-02 3.985E-02 3.832E-02 3.671E-02 3.557E-02 3.119E-02 2.693E-02 2.391E-02 1.868E-02 1.393E-02 1.106E-02 6.232E-03 3.915E-03
  1.200E+01  8.561E-02 8.791E-02 9.178E-02 9.586E-02 9.531E-02 9.900E-02 1.011E-01 1.028E-01 1.027E-01 1.040E-01 1.070E-01 1.092E-01 1.112E-01 1.174E-01 1.251E-01 1.300E-01 1.424E-01 1.357E-01 1.431E-01 1.336E-01 1.541E-01 1.822E-01 1.977E-01 2.247E-01 2.696E-01 3.601E-01 4.307E-01 4.808E-01 2.552E-01 2.951E-01 3.674E-01 3.378E-01 2.727E-01 2.438E-01 2.157E-01 1.973E-01 1.705E-01 1.536E-01 1.290E-01 1.058E-01 9.092E-02 5.226E-02 3.635E-02 2.861E-02 3.369E-02 3.680E-02 4.032E-02 4.035E-02 4.030E-02 3.862E-02 3.722E-02 3.573E-02 3.467E-02 3.049E-02 2.638E-02 2.346E-02 1.838E-02 1.374E-02 1.092E-02 6.165E-03 3.877E-03
  1.400E+01  7.487E-02 7.910E-02 8.128E-02 8.335E-02 8.597E-02 8.589E-02 8.696E-02 8.646E-02 9.003E-02 9.088E-02 9.169E-02 9.128E-02 9.543E-02 9.406E-02 1.028E-01 1.078E-01 1.171E-01 1.087E-01 1.118E-01 6.544E-02 7.722E-02 1.001E-01 1.165E-01 1.464E-01 1.860E-01 2.617E-01 3.291E-01 3.816E-01 2.064E-01 2.411E-01 3.077E-01 2.920E-01 2.413E-01 2.175E-01 1.939E-01 1.781E-01 1.549E-01 1.401E-01 1.183E-01 9.755E-02 8.407E-02 4.871E-02 3.403E-02 2.690E-02 3.188E-02 3.492E-02 3.846E-02 3.864E-02 3.863E-02 3.722E-02 3.597E-02 3.461E-02 3.363E-02 2.969E-02 2.575E-02 2.295E-02 1.804E-02 1.352E-02 1.076E-02 6.086E-03 3.832E-03
  1.600E+01  6.727E-02 7.148E-02 7.251E-02 7.446E-02 7.555E-02 7.504E-02 7.738E-02 7.857E-02 7.930E-02 7.968E-02 8.134E-02 8.035E-02 8.007E-02 8.339E-02 8.815E-02 9.196E-02 9.752E-02 8.934E-02 1.008E-01 3.567E-02 4.064E-02 5.782E-02 7.317E-02 1.010E-01 1.323E-01 1.883E-01 2.458E-01 2.949E-01 1.620E-01 1.916E-01 2.515E-01 2.472E-01 2.096E-01 1.907E-01 1.715E-01 1.584E-01 1.388E-01 1.260E-01 1.071E-01 8.882E-02 7.682E-02 4.493E-02 3.154E-02 2.505E-02 2.991E-02 3.287E-02 3.642E-02 3.676E-02 3.678E-02 3.567E-02 3.458E-02 3.337E-02 3.247E-02 2.879E-02 2.505E-02 2.237E-02 1.765E-02 1.327E-02 1.057E-02 5.997E-03 3.781E-03
  1.800E+01  6.224E-02 6.356E-02 6.535E-02 6.658E-02 6.597E-02 6.930E-02 6.797E-02 6.904E-02 6.943E-02 6.983E-02 6.948E-02 7.236E-02 7.360E-02 7.329E-02 7.603E-02 7.896E-02 8.172E-02 7.371E-02 9.204E-02 2.373E-02 2.526E-02 3.882E-02 5.306E-02 7.773E-02 1.008E-01 1.373E-01 1.818E-01 2.233E-01 1.237E-01 1.486E-01 2.012E-01 2.052E-01 1.790E-01 1.646E-01 1.494E-01 1.388E-01 1.225E-01 1.119E-01 9.575E-02 7.989E-02 6.937E-02 4.100E-02 2.894E-02 2.312E-02 2.784E-02 3.071E-02 3.425E-02 3.474E-02 3.480E-02 3.400E-02 3.307E-02 3.202E-02 3.121E-02 2.780E-02 2.427E-02 2.173E-02 1.721E-02 1.299E-02 1.037E-02 5.897E-03 3.724E-03
  2.000E+01  5.719E-02 5.703E-02 5.769E-02 5.922E-02 6.069E-02 5.963E-02 6.036E-02 6.059E-02 6.278E-02 6.326E-02 6.256E-02 6.203E-02 6.416E-02 6.119E-02 6.576E-02 6.826E-02 6.817E-02 6.169E-02 8.234E-02 1.820E-02 1.870E-02 3.086E-02 4.453E-02 6.661E-02 8.320E-02 1.039E-01 1.354E-01 1.669E-01 9.206E-02 1.128E-01 1.579E-01 1.672E-01 1.503E-01 1.397E-01 1.281E-01 1.198E-01 1.067E-01 9.797E-02 8.450E-02 7.101E-02 6.193E-02 3.703E-02 2.630E-02 2.115E-02 2.570E-02 2.846E-02 3.199E-02 3.262E-02 3.273E-02 3.223E-02 3.147E-02 3.058E-02 2.987E-02 2.675E-02 2.344E-02 2.104E-02 1.675E-02 1.268E-02 1.015E-02 5.788E-03 3.662E-03
  2.200E+01  5.118E-02 5.056E-02 5.175E-02 5.338E-02 5.415E-02 5.226E-02 5.401E-02 5.364E-02 5.456E-02 5.461E-02 5.542E-02 5.584E-02 5.529E-02 5.808E-02 5.838E-02 5.884E-02 5.780E-02 5.267E-02 7.255E-02 1.455E-02 1.503E-02 2.704E-02 4.051E-02 6.072E-02 7.293E-02 8.261E-02 1.030E-01 1.246E-01 6.720E-02 8.436E-02 1.222E-01 1.340E-01 1.242E-01 1.168E-01 1.083E-01 1.019E-01 9.170E-02 8.468E-02 7.365E-02 6.237E-02 5.465E-02 3.310E-02 2.367E-02 1.916E-02 2.353E-02 2.618E-02 2.967E-02 3.044E-02 3.058E-02 3.038E-02 2.980E-02 2.906E-02 2.845E-02 2.563E-02 2.255E-02 2.031E-02 1.625E-02 1.236E-02 9.907E-03 5.670E-03 3.595E-03
  2.400E+01  4.486E-02 4.507E-02 4.705E-02 4.791E-02 4.663E-02 4.786E-02 4.869E-02 4.794E-02 4.758E-02 4.771E-02 4.720E-02 5.023E-02 5.083E-02 4.976E-02 5.080E-02 5.152E-02 5.010E-02 4.571E-02 6.345E-02 1.160E-02 1.224E-02 2.442E-02 3.771E-02 5.636E-02 6.572E-02 6.880E-02 8.097E-02 9.384E-02 4.844E-02 6.267E-02 9.374E-02 1.059E-01 1.012E-01 9.631E-02 9.029E-02 8.560E-02 7.778E-02 7.228E-02 6.342E-02 5.415E-02 4.770E-02 2.929E-02 2.110E-02 1.721E-02 2.138E-02 2.390E-02 2.733E-02 2.823E-02 2.841E-02 2.849E-02 2.808E-02 2.750E-02 2.699E-02 2.447E-02 2.162E-02 1.954E-02 1.572E-02 1.201E-02 9.652E-03 5.545E-03 3.523E-03
  2.600E+01  3.650E-02 4.003E-02 4.201E-02 4.076E-02 4.164E-02 4.266E-02 4.223E-02 4.199E-02 4.243E-02 4.275E-02 4.356E-02 4.189E-02 4.280E-02 4.380E-02 4.484E-02 4.500E-02 4.340E-02 4.008E-02 5.525E-02 9.229E-03 9.925E-03 2.216E-02 3.505E-02 5.209E-02 5.949E-02 5.911E-02 6.594E-02 7.215E-02 3.484E-02 4.672E-02 7.179E-02 8.283E-02 8.134E-02 7.837E-02 7.431E-02 7.097E-02 6.516E-02 6.095E-02 5.398E-02 4.649E-02 4.118E-02 2.566E-02 1.863E-02 1.533E-02 1.927E-02 2.166E-02 2.501E-02 2.602E-02 2.623E-02 2.658E-02 2.633E-02 2.591E-02 2.549E-02 2.327E-02 2.066E-02 1.874E-02 1.517E-02 1.164E-02 9.383E-03 5.412E-03 3.447E-03
  2.800E+01  3.732E-02 3.697E-02 3.712E-02 3.522E-02 3.748E-02 3.656E-02 3.626E-02 3.750E-02 3.703E-02 3.687E-02 3.687E-02 3.900E-02 3.792E-02 3.981E-02 3.912E-02 3.859E-02 3.736E-02 3.544E-02 4.791E-02 7.394E-03 8.077E-03 2.015E-02 3.238E-02 4.767E-02 5.353E-02 5.155E-02 5.531E-02 5.699E-02 2.529E-02 3.536E-02 5.533E-02 6.440E-02 6.472E-02 6.305E-02 6.046E-02 5.815E-02 5.395E-02 5.081E-02 4.544E-02 3.949E-02 3.518E-02 2.227E-02 1.630E-02 1.353E-02 1.724E-02 1.948E-02 2.274E-02 2.384E-02 2.407E-02 2.467E-02 2.457E-02 2.429E-02 2.397E-02 2.204E-02 1.967E-02 1.792E-02 1.459E-02 1.127E-02 9.103E-03 5.273E-03 3.367E-03
  3.000E+01  3.374E-02 3.318E-02 3.272E-02 3.181E-02 3.316E-02 3.224E-02 3.187E-02 3.243E-02 3.305E-02 3.303E-02 3.344E-02 3.255E-02 3.354E-02 3.354E-02 3.424E-02 3.374E-02 3.230E-02 3.156E-02 4.139E-02 6.007E-03 6.662E-03 1.839E-02 2.979E-02 4.324E-02 4.779E-02 4.512E-02 4.730E-02 4.629E-02 1.878E-02 2.743E-02 4.325E-02 5.003E-02 5.110E-02 5.026E-02 4.869E-02 4.716E-02 4.421E-02 4.191E-02 3.785E-02 3.320E-02 2.975E-02 1.914E-02 1.413E-02 1.185E-02 1.531E-02 1.741E-02 2.055E-02 2.172E-02 2.197E-02 2.279E-02 2.283E-02 2.269E-02 2.245E-02 2.081E-02 1.867E-02 1.708E-02 1.401E-02 1.087E-02 8.813E-03 5.128E-03 3.283E-03
  3.200E+01  2.632E-02 2.780E-02 2.887E-02 2.935E-02 2.840E-02 2.842E-02 2.802E-02 2.878E-02 2.863E-02 2.855E-02 2.902E-02 2.936E-02 2.808E-02 3.041E-02 3.063E-02 2.981E-02 2.833E-02 2.809E-02 3.566E-02 4.955E-03 5.597E-03 1.686E-02 2.737E-02 3.898E-02 4.239E-02 3.942E-02 4.087E-02 3.850E-02 1.439E-02 2.195E-02 3.449E-02 3.906E-02 4.017E-02 3.982E-02 3.891E-02 3.793E-02 3.590E-02 3.425E-02 3.123E-02 2.765E-02 2.492E-02 1.630E-02 1.215E-02 1.029E-02 1.349E-02 1.545E-02 1.845E-02 1.967E-02 1.994E-02 2.094E-02 2.111E-02 2.110E-02 2.094E-02 1.958E-02 1.767E-02 1.623E-02 1.341E-02 1.047E-02 8.515E-03 4.979E-03 3.197E-03
  3.400E+01  2.733E-02 2.507E-02 2.512E-02 2.559E-02 2.469E-02 2.547E-02 2.529E-02 2.481E-02 2.523E-02 2.534E-02 2.521E-02 2.579E-02 2.595E-02 2.596E-02 2.622E-02 2.568E-02 2.528E-02 2.486E-02 3.072E-02 4.142E-03 4.789E-03 1.552E-02 2.512E-02 3.501E-02 3.746E-02 3.433E-02 3.543E-02 3.258E-02 1.143E-02 1.813E-02 2.816E-02 3.082E-02 3.158E-02 3.144E-02 3.093E-02 3.031E-02 2.893E-02 2.777E-02 2.555E-02 2.282E-02 2.070E-02 1.377E-02 1.036E-02 8.863E-03 1.181E-02 1.362E-02 1.647E-02 1.772E-02 1.800E-02 1.916E-02 1.944E-02 1.954E-02 1.946E-02 1.835E-02 1.667E-02 1.538E-02 1.281E-02 1.007E-02 8.210E-03 4.825E-03 3.108E-03
  3.600E+01  1.998E-02 2.186E-02 2.254E-02 2.167E-02 2.198E-02 2.249E-02 2.188E-02 2.237E-02 2.219E-02 2.230E-02 2.282E-02 2.195E-02 2.152E-02 2.278E-02 2.342E-02 2.214E-02 2.244E-02 2.207E-02 2.650E-02 3.503E-03 4.163E-03 1.432E-02 2.304E-02 3.138E-02 3.306E-02 2.983E-02 3.073E-02 2.787E-02 9.376E-03 1.538E-02 2.351E-02 2.469E-02 2.493E-02 2.484E-02 2.454E-02 2.413E-02 2.319E-02 2.237E-02 2.075E-02 1.870E-02 1.705E-02 1.153E-02 8.762E-03 7.580E-03 1.028E-02 1.193E-02 1.462E-02 1.588E-02 1.617E-02 1.745E-02 1.783E-02 1.802E-02 1.802E-02 1.715E-02 1.567E-02 1.454E-02 1.220E-02 9.654E-03 7.902E-03 4.669E-03 3.017E-03
  3.800E+01  2.117E-02 1.969E-02 1.947E-02 1.879E-02 1.923E-02 1.979E-02 1.897E-02 1.935E-02 1.918E-02 1.919E-02 1.921E-02 2.023E-02 1.975E-02 2.042E-02 2.031E-02 1.967E-02 1.954E-02 1.983E-02 2.285E-02 2.993E-03 3.666E-03 1.322E-02 2.108E-02 2.811E-02 2.917E-02 2.591E-02 2.663E-02 2.397E-02 7.889E-03 1.330E-02 2.001E-02 2.015E-02 1.986E-02 1.972E-02 1.949E-02 1.920E-02 1.853E-02 1.795E-02 1.676E-02 1.522E-02 1.395E-02 9.590E-03 7.358E-03 6.438E-03 8.883E-03 1.039E-02 1.291E-02 1.416E-02 1.445E-02 1.582E-02 1.628E-02 1.657E-02 1.662E-02 1.597E-02 1.469E-02 1.370E-02 1.160E-02 9.240E-03 7.590E-03 4.510E-03 2.925E-03
  4.000E+01  1.564E-02 1.628E-02 1.649E-02 1.636E-02 1.713E-02 1.711E-02 1.660E-02 1.673E-02 1.735E-02 1.742E-02 1.741E-02 1.686E-02 1.686E-02 1.703E-02 1.769E-02 1.746E-02 1.728E-02 1.779E-02 1.969E-02 2.579E-03 3.264E-03 1.220E-02 1.925E-02 2.518E-02 2.576E-02 2.253E-02 2.308E-02 2.067E-02 6.749E-03 1.164E-02 1.728E-02 1.677E-02 1.602E-02 1.580E-02 1.556E-02 1.532E-02 1.481E-02 1.438E-02 1.350E-02 1.233E-02 1.136E-02 7.922E-03 6.138E-03 5.433E-03 7.635E-03 9.000E-03 1.134E-02 1.257E-02 1.286E-02 1.429E-02 1.481E-02 1.517E-02 1.528E-02 1.482E-02 1.374E-02 1.288E-02 1.100E-02 8.826E-03 7.278E-03 4.350E-03 2.831E-03
  4.200E+01  1.655E-02 1.531E-02 1.481E-02 1.432E-02 1.486E-02 1.461E-02 1.445E-02 1.474E-02 1.478E-02 1.474E-02 1.491E-02 1.539E-02 1.508E-02 1.576E-02 1.572E-02 1.515E-02 1.562E-02 1.572E-02 1.699E-02 2.241E-03 2.932E-03 1.126E-02 1.754E-02 2.255E-02 2.277E-02 1.963E-02 2.002E-02 1.785E-02 5.827E-03 1.025E-02 1.507E-02 1.420E-02 1.313E-02 1.281E-02 1.253E-02 1.230E-02 1.187E-02 1.153E-02 1.086E-02 9.961E-03 9.209E-03 6.509E-03 5.090E-03 4.558E-03 6.529E-03 7.758E-03 9.916E-03 1.111E-02 1.139E-02 1.286E-02 1.343E-02 1.385E-02 1.400E-02 1.372E-02 1.281E-02 1.208E-02 1.041E-02 8.414E-03 6.966E-03 4.189E-03 2.737E-03
  4.400E+01  1.242E-02 1.146E-02 1.313E-02 1.246E-02 1.296E-02 1.241E-02 1.281E-02 1.295E-02 1.322E-02 1.330E-02 1.327E-02 1.305E-02 1.290E-02 1.333E-02 1.373E-02 1.317E-02 1.385E-02 1.386E-02 1.472E-02 1.961E-03 2.654E-03 1.037E-02 1.596E-02 2.018E-02 2.015E-02 1.715E-02 1.740E-02 1.544E-02 5.052E-03 9.042E-03 1.322E-02 1.220E-02 1.094E-02 1.054E-02 1.021E-02 9.970E-03 9.578E-03 9.292E-03 8.744E-03 8.041E-03 7.451E-03 5.324E-03 4.199E-03 3.804E-03 5.557E-03 6.658E-03 8.637E-03 9.783E-03 1.005E-02 1.153E-02 1.213E-02 1.260E-02 1.279E-02 1.267E-02 1.191E-02 1.130E-02 9.827E-03 8.008E-03 6.656E-03 4.029E-03 2.643E-03
  4.600E+01  1.113E-02 1.188E-02 1.031E-02 1.138E-02 1.128E-02 1.113E-02 1.124E-02 1.116E-02 1.125E-02 1.124E-02 1.140E-02 1.165E-02 1.186E-02 1.177E-02 1.190E-02 1.169E-02 1.227E-02 1.243E-02 1.278E-02 1.728E-03 2.417E-03 9.547E-03 1.453E-02 1.805E-02 1.785E-02 1.503E-02 1.517E-02 1.338E-02 4.388E-03 7.985E-03 1.163E-02 1.061E-02 9.266E-03 8.812E-03 8.433E-03 8.183E-03 7.799E-03 7.539E-03 7.073E-03 6.501E-03 6.031E-03 4.342E-03 3.451E-03 3.161E-03 4.712E-03 5.692E-03 7.496E-03 8.583E-03 8.843E-03 1.030E-02 1.093E-02 1.143E-02 1.165E-02 1.167E-02 1.105E-02 1.054E-02 9.262E-03 7.607E-03 6.349E-03 3.869E-03 2.549E-03
  4.800E+01  1.093E-02 9.948E-03 1.004E-02 9.662E-03 9.728E-03 9.591E-03 9.798E-03 1.003E-02 1.004E-02 1.016E-02 1.008E-02 9.876E-03 9.907E-03 1.032E-02 1.055E-02 1.047E-02 1.102E-02 1.119E-02 1.111E-02 1.532E-03 2.212E-03 8.782E-03 1.324E-02 1.614E-02 1.583E-02 1.320E-02 1.327E-02 1.163E-02 3.814E-03 7.052E-03 1.025E-02 9.292E-03 7.962E-03 7.483E-03 7.074E-03 6.812E-03 6.426E-03 6.178E-03 5.761E-03 5.279E-03 4.893E-03 3.536E-03 2.829E-03 2.619E-03 3.983E-03 4.852E-03 6.486E-03 7.508E-03 7.755E-03 9.182E-03 9.818E-03 1.034E-02 1.058E-02 1.072E-02 1.023E-02 9.820E-03 8.713E-03 7.215E-03 6.048E-03 3.711E-03 2.455E-03
  5.000E+01  8.782E-03 7.509E-03 8.967E-03 8.154E-03 8.482E-03 8.391E-03 8.536E-03 8.624E-03 8.410E-03 8.466E-03 8.713E-03 8.962E-03 9.161E-03 9.069E-03 9.215E-03 9.248E-03 9.719E-03 9.910E-03 9.674E-03 1.367E-03 2.033E-03 8.074E-03 1.205E-02 1.444E-02 1.406E-02 1.163E-02 1.164E-02 1.014E-02 3.318E-03 6.232E-03 9.044E-03 8.185E-03 6.925E-03 6.444E-03 6.023E-03 5.754E-03 5.366E-03 5.124E-03 4.738E-03 4.315E-03 3.989E-03 2.881E-03 2.316E-03 2.164E-03 3.359E-03 4.127E-03 5.599E-03 6.551E-03 6.784E-03 8.164E-03 8.800E-03 9.337E-03 9.594E-03 9.823E-03 9.453E-03 9.129E-03 8.182E-03 6.832E-03 5.752E-03 3.555E-03 2.363E-03
  5.200E+01  7.060E-03 7.595E-03 6.649E-03 7.588E-03 7.357E-03 7.155E-03 7.633E-03 7.450E-03 7.623E-03 7.733E-03 7.683E-03 7.343E-03 7.684E-03 7.777E-03 7.908E-03 8.050E-03 8.656E-03 8.733E-03 8.455E-03 1.226E-03 1.874E-03 7.417E-03 1.096E-02 1.295E-02 1.251E-02 1.028E-02 1.025E-02 8.873E-03 2.891E-03 5.513E-03 7.991E-03 7.236E-03 6.079E-03 5.615E-03 5.198E-03 4.929E-03 4.544E-03 4.306E-03 3.941E-03 3.559E-03 3.276E-03 2.353E-03 1.896E-03 1.787E-03 2.829E-03 3.505E-03 4.826E-03 5.707E-03 5.924E-03 7.244E-03 7.871E-03 8.412E-03 8.680E-03 8.986E-03 8.717E-03 8.471E-03 7.671E-03 6.460E-03 5.464E-03 3.402E-03 2.272E-03
  5.400E+01  6.488E-03 7.214E-03 5.380E-03 6.680E-03 6.075E-03 6.319E-03 6.441E-03 6.528E-03 6.350E-03 6.435E-03 6.536E-03 6.889E-03 7.040E-03 6.955E-03 7.272E-03 7.127E-03 7.921E-03 7.787E-03 7.420E-03 1.105E-03 1.734E-03 6.808E-03 9.949E-03 1.164E-02 1.117E-02 9.112E-03 9.061E-03 7.796E-03 2.525E-03 4.885E-03 7.073E-03 6.412E-03 5.373E-03 4.939E-03 4.538E-03 4.277E-03 3.900E-03 3.669E-03 3.320E-03 2.968E-03 2.716E-03 1.930E-03 1.556E-03 1.477E-03 2.383E-03 2.976E-03 4.157E-03 4.965E-03 5.167E-03 6.418E-03 7.029E-03 7.567E-03 7.840E-03 8.207E-03 8.026E-03 7.848E-03 7.182E-03 6.101E-03 5.183E-03 3.252E-03 2.182E-03
  5.600E+01  5.793E-03 6.071E-03 4.992E-03 5.513E-03 5.083E-03 5.572E-03 5.722E-03 5.745E-03 5.688E-03 5.806E-03 5.835E-03 5.538E-03 5.928E-03 6.018E-03 6.253E-03 6.402E-03 7.044E-03 6.997E-03 6.524E-03 1.002E-03 1.607E-03 6.247E-03 9.031E-03 1.048E-02 9.985E-03 8.099E-03 8.035E-03 6.879E-03 2.212E-03 4.339E-03 6.273E-03 5.693E-03 4.772E-03 4.374E-03 3.999E-03 3.751E-03 3.389E-03 3.166E-03 2.833E-03 2.505E-03 2.276E-03 1.593E-03 1.281E-03 1.222E-03 2.009E-03 2.529E-03 3.580E-03 4.318E-03 4.504E-03 5.681E-03 6.270E-03 6.798E-03 7.072E-03 7.485E-03 7.378E-03 7.261E-03 6.715E-03 5.754E-03 4.912E-03 3.106E-03 2.095E-03
  5.800E+01  5.243E-03 4.921E-03 4.874E-03 4.417E-03 4.365E-03 4.732E-03 4.854E-03 4.906E-03 4.761E-03 4.879E-03 4.873E-03 5.126E-03 5.314E-03 5.272E-03 5.255E-03 5.706E-03 6.077E-03 6.281E-03 5.748E-03 9.120E-04 1.494E-03 5.733E-03 8.209E-03 9.444E-03 8.947E-03 7.221E-03 7.150E-03 6.094E-03 1.945E-03 3.865E-03 5.579E-03 5.065E-03 4.253E-03 3.894E-03 3.550E-03 3.318E-03 2.977E-03 2.764E-03 2.448E-03 2.140E-03 1.930E-03 1.326E-03 1.061E-03 1.015E-03 1.697E-03 2.152E-03 3.086E-03 3.756E-03 3.927E-03 5.026E-03 5.588E-03 6.101E-03 6.373E-03 6.818E-03 6.775E-03 6.710E-03 6.271E-03 5.421E-03 4.650E-03 2.964E-03 2.010E-03
  6.000E+01  4.431E-03 3.989E-03 4.294E-03 3.726E-03 3.777E-03 4.063E-03 4.147E-03 4.261E-03 4.227E-03 4.361E-03 4.437E-03 4.227E-03 4.585E-03 4.492E-03 4.960E-03 5.107E-03 5.498E-03 5.583E-03 5.085E-03 8.344E-04 1.390E-03 5.265E-03 7.482E-03 8.513E-03 8.031E-03 6.457E-03 6.384E-03 5.421E-03 1.716E-03 3.453E-03 4.976E-03 4.515E-03 3.801E-03 3.480E-03 3.168E-03 2.954E-03 2.637E-03 2.438E-03 2.140E-03 1.851E-03 1.656E-03 1.114E-03 8.853E-04 8.472E-04 1.439E-03 1.837E-03 2.665E-03 3.271E-03 3.427E-03 4.447E-03 4.980E-03 5.474E-03 5.740E-03 6.206E-03 6.215E-03 6.194E-03 5.851E-03 5.102E-03 4.397E-03 2.826E-03 1.928E-03
  6.200E+01  3.843E-03 3.255E-03 3.605E-03 3.240E-03 3.333E-03 3.406E-03 3.575E-03 3.597E-03 3.604E-03 3.738E-03 3.695E-03 3.762E-03 3.994E-03 4.042E-03 4.319E-03 4.432E-03 5.162E-03 4.919E-03 4.517E-03 7.668E-04 1.297E-03 4.837E-03 6.836E-03 7.681E-03 7.225E-03 5.792E-03 5.720E-03 4.841E-03 1.520E-03 3.095E-03 4.452E-03 4.035E-03 3.404E-03 3.119E-03 2.838E-03 2.644E-03 2.353E-03 2.167E-03 1.889E-03 1.619E-03 1.438E-03 9.459E-04 7.449E-04 7.116E-04 1.225E-03 1.574E-03 2.308E-03 2.854E-03 2.996E-03 3.937E-03 4.439E-03 4.911E-03 5.169E-03 5.646E-03 5.697E-03 5.714E-03 5.454E-03 4.799E-03 4.156E-03 2.694E-03 1.848E-03
  6.400E+01  3.241E-03 2.799E-03 3.092E-03 2.753E-03 2.893E-03 2.896E-03 2.990E-03 3.265E-03 3.098E-03 3.214E-03 3.289E-03 3.271E-03 3.503E-03 3.499E-03 3.607E-03 3.918E-03 4.523E-03 4.421E-03 4.024E-03 7.078E-04 1.211E-03 4.446E-03 6.250E-03 6.947E-03 6.518E-03 5.211E-03 5.142E-03 4.340E-03 1.352E-03 2.782E-03 3.997E-03 3.616E-03 3.055E-03 2.802E-03 2.551E-03 2.376E-03 2.110E-03 1.939E-03 1.681E-03 1.430E-03 1.262E-03 8.121E-04 6.328E-04 6.023E-04 1.049E-03 1.355E-03 2.006E-03 2.496E-03 2.625E-03 3.490E-03 3.960E-03 4.407E-03 4.656E-03 5.135E-03 5.221E-03 5.268E-03 5.081E-03 4.510E-03 3.925E-03 2.567E-03 1.771E-03
  6.600E+01  2.782E-03 2.443E-03 2.608E-03 2.365E-03 2.534E-03 2.478E-03 2.618E-03 2.634E-03 2.870E-03 2.978E-03 2.872E-03 2.729E-03 2.998E-03 2.975E-03 3.344E-03 3.678E-03 3.836E-03 4.043E-03 3.592E-03 6.560E-04 1.133E-03 4.087E-03 5.710E-03 6.308E-03 5.900E-03 4.704E-03 4.639E-03 3.907E-03 1.206E-03 2.509E-03 3.601E-03 3.250E-03 2.748E-03 2.523E-03 2.298E-03 2.141E-03 1.900E-03 1.744E-03 1.506E-03 1.273E-03 1.118E-03 7.050E-04 5.431E-04 5.141E-04 9.041E-04 1.174E-03 1.751E-03 2.191E-03 2.307E-03 3.100E-03 3.538E-03 3.959E-03 4.197E-03 4.671E-03 4.783E-03 4.856E-03 4.731E-03 4.237E-03 3.705E-03 2.445E-03 1.698E-03
  6.800E+01  2.340E-03 2.038E-03 2.256E-03 1.973E-03 2.110E-03 2.178E-03 2.153E-03 2.354E-03 2.276E-03 2.378E-03 2.344E-03 2.457E-03 2.721E-03 2.609E-03 2.949E-03 3.274E-03 3.605E-03 3.603E-03 3.220E-03 6.106E-04 1.062E-03 3.759E-03 5.215E-03 5.751E-03 5.358E-03 4.260E-03 4.199E-03 3.530E-03 1.081E-03 2.270E-03 3.254E-03 2.931E-03 2.478E-03 2.276E-03 2.075E-03 1.934E-03 1.716E-03 1.574E-03 1.357E-03 1.142E-03 9.987E-04 6.185E-04 4.711E-04 4.429E-04 7.848E-04 1.023E-03 1.536E-03 1.930E-03 2.035E-03 2.759E-03 3.166E-03 3.561E-03 3.787E-03 4.251E-03 4.383E-03 4.475E-03 4.404E-03 3.978E-03 3.496E-03 2.329E-03 1.628E-03
  7.000E+01  2.033E-03 1.691E-03 1.892E-03 1.681E-03 1.863E-03 1.756E-03 1.827E-03 2.163E-03 2.139E-03 2.230E-03 2.242E-03 2.079E-03 2.233E-03 2.420E-03 2.492E-03 2.754E-03 3.367E-03 3.170E-03 2.902E-03 5.706E-04 9.969E-04 3.461E-03 4.770E-03 5.258E-03 4.880E-03 3.870E-03 3.815E-03 3.202E-03 9.716E-04 2.059E-03 2.951E-03 2.652E-03 2.240E-03 2.058E-03 1.878E-03 1.751E-03 1.555E-03 1.426E-03 1.228E-03 1.030E-03 8.981E-04 5.478E-04 4.127E-04 3.852E-04 6.865E-04 8.981E-04 1.355E-03 1.708E-03 1.803E-03 2.463E-03 2.839E-03 3.209E-03 3.422E-03 3.872E-03 4.018E-03 4.126E-03 4.100E-03 3.735E-03 3.299E-03 2.218E-03 1.561E-03
  7.200E+01  1.556E-03 1.406E-03 1.631E-03 1.390E-03 1.523E-03 1.588E-03 1.682E-03 1.768E-03 1.783E-03 1.869E-03 1.750E-03 1.782E-03 2.044E-03 1.989E-03 2.364E-03 2.537E-03 2.867E-03 2.900E-03 2.625E-03 5.352E-04 9.371E-04 3.190E-03 4.378E-03 4.811E-03 4.456E-03 3.527E-03 3.478E-03 2.915E-03 8.767E-04 1.874E-03 2.686E-03 2.407E-03 2.031E-03 1.866E-03 1.704E-03 1.589E-03 1.411E-03 1.295E-03 1.114E-03 9.336E-04 8.120E-04 4.894E-04 3.652E-04 3.382E-04 6.053E-04 7.940E-04 1.203E-03 1.520E-03 1.605E-03 2.207E-03 2.553E-03 2.898E-03 3.098E-03 3.530E-03 3.686E-03 3.805E-03 3.817E-03 3.507E-03 3.113E-03 2.113E-03 1.498E-03
  7.400E+01  1.298E-03 1.238E-03 1.395E-03 1.165E-03 1.236E-03 1.324E-03 1.271E-03 1.617E-03 1.507E-03 1.593E-03 1.626E-03 1.625E-03 1.747E-03 1.799E-03 2.028E-03 2.416E-03 2.541E-03 2.671E-03 2.381E-03 5.040E-04 8.823E-04 2.946E-03 4.035E-03 4.406E-03 4.079E-03 3.226E-03 3.182E-03 2.665E-03 7.938E-04 1.711E-03 2.452E-03 2.193E-03 1.847E-03 1.697E-03 1.549E-03 1.445E-03 1.284E-03 1.178E-03 1.014E-03 8.491E-04 7.376E-04 4.405E-04 3.259E-04 2.997E-04 5.380E-04 7.073E-04 1.074E-03 1.359E-03 1.436E-03 1.984E-03 2.303E-03 2.623E-03 2.811E-03 3.223E-03 3.385E-03 3.511E-03 3.555E-03 3.293E-03 2.938E-03 2.015E-03 1.439E-03
  7.600E+01  1.117E-03 1.087E-03 1.159E-03 1.054E-03 1.081E-03 1.175E-03 1.160E-03 1.372E-03 1.355E-03 1.432E-03 1.441E-03 1.345E-03 1.512E-03 1.656E-03 1.733E-03 2.057E-03 2.384E-03 2.359E-03 2.166E-03 4.763E-04 8.321E-04 2.724E-03 3.730E-03 4.044E-03 3.745E-03 2.961E-03 2.922E-03 2.445E-03 7.212E-04 1.566E-03 2.246E-03 2.005E-03 1.685E-03 1.547E-03 1.412E-03 1.318E-03 1.171E-03 1.075E-03 9.255E-04 7.746E-04 6.724E-04 3.991E-04 2.933E-04 2.679E-04 4.820E-04 6.348E-04 9.656E-04 1.222E-03 1.292E-03 1.791E-03 2.085E-03 2.381E-03 2.556E-03 2.948E-03 3.112E-03 3.243E-03 3.312E-03 3.094E-03 2.774E-03 1.922E-03 1.383E-03
  7.800E+01  9.610E-04 9.777E-04 9.077E-04 9.979E-04 9.699E-04 1.085E-03 1.121E-03 1.141E-03 1.159E-03 1.243E-03 1.185E-03 1.217E-03 1.327E-03 1.408E-03 1.697E-03 1.773E-03 2.189E-03 2.100E-03 1.982E-03 4.517E-04 7.860E-04 2.521E-03 3.449E-03 3.728E-03 3.453E-03 2.727E-03 2.693E-03 2.252E-03 6.574E-04 1.438E-03 2.064E-03 1.840E-03 1.543E-03 1.415E-03 1.291E-03 1.205E-03 1.071E-03 9.832E-04 8.466E-04 7.087E-04 6.150E-04 3.635E-04 2.657E-04 2.414E-04 4.351E-04 5.738E-04 8.737E-04 1.106E-03 1.169E-03 1.624E-03 1.894E-03 2.169E-03 2.332E-03 2.701E-03 2.865E-03 2.999E-03 3.088E-03 2.908E-03 2.620E-03 1.835E-03 1.330E-03
  8.000E+01  7.252E-04 8.044E-04 7.842E-04 8.971E-04 7.987E-04 9.865E-04 9.555E-04 1.000E-03 9.524E-04 1.021E-03 1.065E-03 1.105E-03 1.200E-03 1.320E-03 1.513E-03 1.700E-03 1.943E-03 1.965E-03 1.823E-03 4.299E-04 7.438E-04 2.336E-03 3.187E-03 3.457E-03 3.197E-03 2.521E-03 2.491E-03 2.083E-03 6.014E-04 1.324E-03 1.902E-03 1.694E-03 1.417E-03 1.299E-03 1.184E-03 1.104E-03 9.817E-04 9.013E-04 7.763E-04 6.500E-04 5.640E-04 3.326E-04 2.423E-04 2.192E-04 3.957E-04 5.224E-04 7.956E-04 1.006E-03 1.064E-03 1.479E-03 1.727E-03 1.981E-03 2.133E-03 2.481E-03 2.642E-03 2.777E-03 2.882E-03 2.735E-03 2.477E-03 1.753E-03 1.282E-03
  8.200E+01  6.907E-04 6.445E-04 6.740E-04 7.525E-04 7.867E-04 7.254E-04 8.022E-04 9.207E-04 8.838E-04 9.450E-04 9.703E-04 9.566E-04 1.038E-03 1.141E-03 1.257E-03 1.581E-03 1.673E-03 1.814E-03 1.684E-03 4.104E-04 7.051E-04 2.167E-03 2.945E-03 3.221E-03 2.972E-03 2.339E-03 2.313E-03 1.934E-03 5.519E-04 1.223E-03 1.760E-03 1.565E-03 1.306E-03 1.196E-03 1.089E-03 1.015E-03 9.023E-04 8.283E-04 7.135E-04 5.976E-04 5.187E-04 3.056E-04 2.221E-04 2.003E-04 3.622E-04 4.787E-04 7.289E-04 9.202E-04 9.729E-04 1.353E-03 1.581E-03 1.816E-03 1.958E-03 2.284E-03 2.441E-03 2.575E-03 2.693E-03 2.575E-03 2.344E-03 1.678E-03 1.237E-03
  8.400E+01  5.876E-04 5.591E-04 6.066E-04 6.511E-04 6.958E-04 6.995E-04 7.471E-04 7.629E-04 8.463E-04 8.820E-04 8.884E-04 8.568E-04 9.401E-04 1.026E-03 1.204E-03 1.337E-03 1.562E-03 1.606E-03 1.562E-03 3.931E-04 6.696E-04 2.014E-03 2.732E-03 3.006E-03 2.771E-03 2.179E-03 2.156E-03 1.803E-03 5.082E-04 1.132E-03 1.633E-03 1.450E-03 1.208E-03 1.105E-03 1.005E-03 9.365E-04 8.316E-04 7.633E-04 6.575E-04 5.508E-04 4.782E-04 2.818E-04 2.046E-04 1.842E-04 3.337E-04 4.414E-04 6.717E-04 8.466E-04 8.948E-04 1.243E-03 1.453E-03 1.671E-03 1.802E-03 2.107E-03 2.260E-03 2.392E-03 2.519E-03 2.427E-03 2.220E-03 1.607E-03 1.195E-03
  8.600E+01  5.341E-04 4.797E-04 5.763E-04 5.562E-04 5.084E-04 6.790E-04 6.544E-04 6.762E-04 6.641E-04 7.160E-04 7.108E-04 7.914E-04 8.942E-04 9.698E-04 1.166E-03 1.179E-03 1.530E-03 1.460E-03 1.457E-03 3.777E-04 6.371E-04 1.876E-03 2.547E-03 2.807E-03 2.592E-03 2.037E-03 2.018E-03 1.687E-03 4.696E-04 1.052E-03 1.520E-03 1.349E-03 1.121E-03 1.024E-03 9.307E-04 8.665E-04 7.689E-04 7.054E-04 6.075E-04 5.090E-04 4.420E-04 2.607E-04 1.892E-04 1.703E-04 3.093E-04 4.093E-04 6.225E-04 7.830E-04 8.273E-04 1.148E-03 1.341E-03 1.543E-03 1.665E-03 1.950E-03 2.096E-03 2.226E-03 2.360E-03 2.290E-03 2.106E-03 1.543E-03 1.158E-03
  8.800E+01  4.866E-04 4.773E-04 4.899E-04 4.827E-04 4.648E-04 5.492E-04 5.195E-04 6.708E-04 5.838E-04 6.378E-04 7.174E-04 7.321E-04 7.562E-04 8.269E-04 1.006E-03 1.158E-03 1.311E-03 1.387E-03 1.370E-03 3.639E-04 6.073E-04 1.752E-03 2.388E-03 2.624E-03 2.432E-03 1.912E-03 1.896E-03 1.585E-03 4.353E-04 9.797E-04 1.420E-03 1.259E-03 1.043E-03 9.522E-04 8.646E-04 8.043E-04 7.130E-04 6.539E-04 5.629E-04 4.716E-04 4.096E-04 2.419E-04 1.757E-04 1.582E-04 2.882E-04 3.817E-04 5.800E-04 7.279E-04 7.687E-04 1.064E-03 1.243E-03 1.430E-03 1.543E-03 1.809E-03 1.949E-03 2.075E-03 2.214E-03 2.164E-03 2.000E-03 1.483E-03 1.123E-03
  9.000E+01  4.149E-04 3.967E-04 4.247E-04 4.467E-04 4.825E-04 4.803E-04 5.075E-04 6.665E-04 5.976E-04 6.324E-04 6.130E-04 6.261E-04 7.599E-04 7.757E-04 8.669E-04 1.075E-03 1.108E-03 1.294E-03 1.295E-03 3.516E-04 5.801E-04 1.639E-03 2.244E-03 2.464E-03 2.292E-03 1.802E-03 1.789E-03 1.495E-03 4.048E-04 9.153E-04 1.330E-03 1.179E-03 9.745E-04 8.885E-04 8.058E-04 7.490E-04 6.633E-04 6.080E-04 5.231E-04 4.382E-04 3.807E-04 2.252E-04 1.638E-04 1.477E-04 2.699E-04 3.577E-04 5.431E-04 6.799E-04 7.177E-04 9.906E-04 1.156E-03 1.330E-03 1.435E-03 1.683E-03 1.816E-03 1.939E-03 2.081E-03 2.048E-03 1.903E-03 1.429E-03 1.092E-03
  9.200E+01  3.710E-04 3.787E-04 3.649E-04 4.076E-04 4.650E-04 4.281E-04 4.658E-04 5.347E-04 5.425E-04 5.734E-04 5.619E-04 5.897E-04 6.634E-04 6.836E-04 8.537E-04 9.311E-04 1.133E-03 1.168E-03 1.230E-03 3.406E-04 5.551E-04 1.536E-03 2.107E-03 2.329E-03 2.171E-03 1.706E-03 1.694E-03 1.416E-03 3.777E-04 8.577E-04 1.251E-03 1.107E-03 9.134E-04 8.317E-04 7.534E-04 6.998E-04 6.191E-04 5.671E-04 4.876E-04 4.084E-04 3.549E-04 2.102E-04 1.532E-04 1.384E-04 2.540E-04 3.369E-04 5.109E-04 6.381E-04 6.731E-04 9.261E-04 1.080E-03 1.241E-03 1.339E-03 1.570E-03 1.697E-03 1.815E-03 1.959E-03 1.942E-03 1.814E-03 1.379E-03 1.064E-03
  9.400E+01  3.704E-04 3.495E-04 3.476E-04 3.867E-04 3.725E-04 4.368E-04 4.780E-04 4.570E-04 5.018E-04 5.383E-04 4.663E-04 5.526E-04 6.233E-04 7.071E-04 7.927E-04 8.396E-04 1.118E-03 1.075E-03 1.177E-03 3.308E-04 5.323E-04 1.442E-03 1.976E-03 2.215E-03 2.066E-03 1.621E-03 1.612E-03 1.347E-03 3.535E-04 8.060E-04 1.180E-03 1.044E-03 8.589E-04 7.812E-04 7.068E-04 6.560E-04 5.797E-04 5.307E-04 4.560E-04 3.818E-04 3.318E-04 1.968E-04 1.437E-04 1.302E-04 2.400E-04 3.186E-04 4.827E-04 6.014E-04 6.341E-04 8.692E-04 1.012E-03 1.162E-03 1.253E-03 1.468E-03 1.588E-03 1.703E-03 1.848E-03 1.845E-03 1.733E-03 1.334E-03 1.040E-03
  9.600E+01  3.190E-04 3.464E-04 3.540E-04 3.641E-04 3.195E-04 4.602E-04 4.611E-04 4.193E-04 4.356E-04 4.727E-04 4.829E-04 4.871E-04 5.835E-04 6.023E-04 6.782E-04 8.211E-04 9.266E-04 1.043E-03 1.139E-03 3.220E-04 5.114E-04 1.357E-03 1.858E-03 2.116E-03 1.976E-03 1.547E-03 1.539E-03 1.286E-03 3.320E-04 7.596E-04 1.117E-03 9.873E-04 8.102E-04 7.361E-04 6.652E-04 6.169E-04 5.445E-04 4.982E-04 4.278E-04 3.581E-04 3.112E-04 1.849E-04 1.353E-04 1.230E-04 2.278E-04 3.026E-04 4.580E-04 5.692E-04 5.997E-04 8.189E-04 9.515E-04 1.092E-03 1.177E-03 1.376E-03 1.491E-03 1.601E-03 1.746E-03 1.756E-03 1.658E-03 1.294E-03 1.018E-03
  9.800E+01  3.789E-04 2.787E-04 3.805E-04 3.088E-04 3.259E-04 3.912E-04 3.727E-04 4.240E-04 4.464E-04 4.926E-04 4.325E-04 4.670E-04 5.044E-04 5.611E-04 6.288E-04 8.320E-04 8.356E-04 1.025E-03 1.114E-03 3.141E-04 4.923E-04 1.280E-03 1.757E-03 2.025E-03 1.897E-03 1.483E-03 1.477E-03 1.233E-03 3.127E-04 7.180E-04 1.060E-03 9.368E-04 7.668E-04 6.958E-04 6.281E-04 5.821E-04 5.132E-04 4.693E-04 4.027E-04 3.370E-04 2.928E-04 1.742E-04 1.278E-04 1.166E-04 2.170E-04 2.885E-04 4.363E-04 5.408E-04 5.695E-04 7.742E-04 8.978E-04 1.028E-03 1.108E-03 1.294E-03 1.402E-03 1.508E-03 1.654E-03 1.674E-03 1.590E-03 1.258E-03 9.991E-04
  1.000E+02  3.106E-04 3.204E-04 3.862E-04 2.990E-04 3.269E-04 3.436E-04 3.624E-04 4.782E-04 3.756E-04 4.028E-04 4.519E-04 4.232E-04 5.152E-04 5.439E-04 6.090E-04 7.807E-04 9.005E-04 9.598E-04 1.097E-03 3.071E-04 4.749E-04 1.211E-03 1.674E-03 1.940E-03 1.828E-03 1.429E-03 1.422E-03 1.186E-03 2.954E-04 6.806E-04 1.010E-03 8.918E-04 7.280E-04 6.598E-04 5.949E-04 5.509E-04 4.853E-04 4.435E-04 3.803E-04 3.182E-04 2.765E-04 1.647E-04 1.211E-04 1.109E-04 2.075E-04 2.761E-04 4.171E-04 5.157E-04 5.427E-04 7.345E-04 8.498E-04 9.719E-04 1.046E-03 1.219E-03 1.322E-03 1.424E-03 1.569E-03 1.600E-03 1.529E-03 1.225E-03 9.831E-04
  1.020E+02  3.327E-04 3.341E-04 3.182E-04 3.564E-04 3.609E-04 3.390E-04 3.713E-04 4.511E-04 4.324E-04 4.650E-04 4.200E-04 4.154E-04 4.399E-04 5.470E-04 5.931E-04 6.795E-04 9.134E-04 8.852E-04 1.088E-03 3.008E-04 4.590E-04 1.149E-03 1.602E-03 1.865E-03 1.770E-03 1.382E-03 1.376E-03 1.146E-03 2.800E-04 6.469E-04 9.652E-04 8.517E-04 6.934E-04 6.277E-04 5.653E-04 5.232E-04 4.605E-04 4.206E-04 3.605E-04 3.015E-04 2.619E-04 1.561E-04 1.151E-04 1.058E-04 1.991E-04 2.651E-04 4.001E-04 4.935E-04 5.190E-04 6.991E-04 8.069E-04 9.209E-04 9.902E-04 1.152E-03 1.249E-03 1.347E-03 1.492E-03 1.533E-03 1.473E-03 1.197E-03 9.696E-04
  1.040E+02  3.983E-04 3.317E-04 3.352E-04 3.765E-04 3.693E-04 3.501E-04 3.592E-04 4.096E-04 3.632E-04 3.754E-04 4.374E-04 3.806E-04 4.640E-04 4.565E-04 5.986E-04 6.873E-04 8.535E-04 8.706E-04 1.092E-03 2.952E-04 4.445E-04 1.093E-03 1.537E-03 1.804E-03 1.722E-03 1.343E-03 1.337E-03 1.112E-03 2.661E-04 6.167E-04 9.254E-04 8.160E-04 6.624E-04 5.990E-04 5.389E-04 4.984E-04 4.384E-04 4.003E-04 3.429E-04 2.866E-04 2.490E-04 1.485E-04 1.097E-04 1.013E-04 1.916E-04 2.554E-04 3.851E-04 4.738E-04 4.980E-04 6.674E-04 7.683E-04 8.750E-04 9.398E-04 1.090E-03 1.183E-03 1.278E-03 1.422E-03 1.472E-03 1.422E-03 1.172E-03 9.587E-04
  1.060E+02  3.766E-04 3.658E-04 3.742E-04 3.529E-04 3.724E-04 3.357E-04 3.517E-04 3.858E-04 3.947E-04 4.251E-04 4.218E-04 4.281E-04 4.321E-04 5.108E-04 6.175E-04 7.478E-04 7.817E-04 8.978E-04 1.110E-03 2.902E-04 4.313E-04 1.044E-03 1.477E-03 1.757E-03 1.686E-03 1.311E-03 1.305E-03 1.083E-03 2.537E-04 5.895E-04 8.902E-04 7.843E-04 6.348E-04 5.733E-04 5.153E-04 4.764E-04 4.187E-04 3.822E-04 3.272E-04 2.735E-04 2.375E-04 1.417E-04 1.049E-04 9.724E-05 1.850E-04 2.468E-04 3.719E-04 4.563E-04 4.793E-04 6.390E-04 7.336E-04 8.335E-04 8.941E-04 1.035E-03 1.122E-03 1.214E-03 1.358E-03 1.416E-03 1.377E-03 1.150E-03 9.500E-04
  1.080E+02  3.426E-04 3.709E-04 3.419E-04 3.349E-04 3.347E-04 3.508E-04 3.451E-04 3.959E-04 3.781E-04 3.958E-04 4.023E-04 3.879E-04 4.615E-04 4.944E-04 6.349E-04 7.339E-04 7.956E-04 9.040E-04 1.139E-03 2.858E-04 4.192E-04 1.000E-03 1.422E-03 1.723E-03 1.660E-03 1.286E-03 1.279E-03 1.059E-03 2.425E-04 5.651E-04 8.591E-04 7.561E-04 6.101E-04 5.505E-04 4.944E-04 4.568E-04 4.013E-04 3.662E-04 3.134E-04 2.618E-04 2.274E-04 1.357E-04 1.006E-04 9.363E-05 1.792E-04 2.392E-04 3.601E-04 4.408E-04 4.626E-04 6.136E-04 7.023E-04 7.959E-04 8.526E-04 9.839E-04 1.067E-03 1.156E-03 1.300E-03 1.366E-03 1.336E-03 1.132E-03 9.435E-04
  1.100E+02  3.487E-04 3.544E-04 3.039E-04 3.477E-04 3.348E-04 3.752E-04 3.723E-04 3.784E-04 4.172E-04 4.321E-04 4.651E-04 4.849E-04 4.936E-04 5.572E-04 6.092E-04 7.124E-04 9.276E-04 8.755E-04 1.177E-03 2.818E-04 4.083E-04 9.620E-04 1.378E-03 1.699E-03 1.644E-03 1.268E-03 1.259E-03 1.039E-03 2.324E-04 5.431E-04 8.317E-04 7.311E-04 5.882E-04 5.302E-04 4.759E-04 4.396E-04 3.860E-04 3.522E-04 3.013E-04 2.516E-04 2.184E-04 1.303E-04 9.678E-05 9.041E-05 1.740E-04 2.324E-04 3.496E-04 4.270E-04 4.478E-04 5.908E-04 6.740E-04 7.618E-04 8.149E-04 9.375E-04 1.017E-03 1.103E-03 1.247E-03 1.321E-03 1.300E-03 1.116E-03 9.390E-04
  1.120E+02  4.484E-04 3.911E-04 3.571E-04 3.855E-04 3.587E-04 4.070E-04 3.990E-04 4.654E-04 4.255E-04 4.574E-04 4.414E-04 4.978E-04 5.285E-04 6.430E-04 7.163E-04 6.804E-04 9.516E-04 8.603E-04 1.224E-03 2.782E-04 3.984E-04 9.291E-04 1.344E-03 1.684E-03 1.638E-03 1.256E-03 1.244E-03 1.023E-03 2.234E-04 5.234E-04 8.077E-04 7.091E-04 5.688E-04 5.124E-04 4.596E-04 4.245E-04 3.727E-04 3.399E-04 2.907E-04 2.425E-04 2.104E-04 1.254E-04 9.334E-05 8.754E-05 1.693E-04 2.264E-04 3.403E-04 4.147E-04 4.347E-04 5.703E-04 6.485E-04 7.309E-04 7.806E-04 8.952E-04 9.712E-04 1.054E-03 1.199E-03 1.280E-03 1.267E-03 1.103E-03 9.364E-04
  1.140E+02  6.491E-04 4.988E-04 4.241E-04 4.425E-04 4.457E-04 4.756E-04 4.475E-04 4.509E-04 4.962E-04 5.166E-04 4.813E-04 5.413E-04 6.048E-04 6.048E-04 7.587E-04 6.825E-04 8.655E-04 9.133E-04 1.287E-03 2.751E-04 3.895E-04 9.009E-04 1.320E-03 1.679E-03 1.642E-03 1.249E-03 1.235E-03 1.011E-03 2.152E-04 5.057E-04 7.868E-04 6.897E-04 5.518E-04 4.967E-04 4.454E-04 4.113E-04 3.611E-04 3.293E-04 2.814E-04 2.346E-04 2.034E-04 1.211E-04 9.027E-05 8.496E-05 1.652E-04 2.210E-04 3.320E-04 4.037E-04 4.229E-04 5.519E-04 6.255E-04 7.028E-04 7.494E-04 8.565E-04 9.292E-04 1.010E-03 1.155E-03 1.243E-03 1.238E-03 1.092E-03 9.355E-04
  1.160E+02  8.024E-04 6.085E-04 4.790E-04 5.148E-04 5.292E-04 5.002E-04 5.022E-04 5.513E-04 5.573E-04 5.766E-04 5.448E-04 6.240E-04 6.267E-04 6.835E-04 6.514E-04 7.972E-04 9.016E-04 1.015E-03 1.366E-03 2.723E-04 3.815E-04 8.776E-04 1.304E-03 1.687E-03 1.655E-03 1.249E-03 1.231E-03 1.003E-03 2.078E-04 4.898E-04 7.686E-04 6.728E-04 5.370E-04 4.832E-04 4.333E-04 4.001E-04 3.511E-04 3.201E-04 2.733E-04 2.276E-04 1.972E-04 1.173E-04 8.752E-05 8.267E-05 1.615E-04 2.163E-04 3.246E-04 3.940E-04 4.124E-04 5.354E-04 6.047E-04 6.774E-04 7.210E-04 8.212E-04 8.909E-04 9.698E-04 1.115E-03 1.210E-03 1.213E-03 1.084E-03 9.362E-04
  1.180E+02  6.933E-04 6.912E-04 6.053E-04 5.665E-04 6.242E-04 6.814E-04 5.494E-04 5.607E-04 6.051E-04 6.266E-04 5.221E-04 6.058E-04 7.442E-04 7.120E-04 7.013E-04 8.551E-04 1.014E-03 1.083E-03 1.452E-03 2.698E-04 3.742E-04 8.597E-04 1.296E-03 1.707E-03 1.679E-03 1.254E-03 1.231E-03 9.975E-04 2.012E-04 4.755E-04 7.531E-04 6.581E-04 5.243E-04 4.718E-04 4.231E-04 3.906E-04 3.427E-04 3.123E-04 2.664E-04 2.216E-04 1.918E-04 1.139E-04 8.506E-05 8.061E-05 1.582E-04 2.120E-04 3.181E-04 3.853E-04 4.031E-04 5.205E-04 5.859E-04 6.543E-04 6.952E-04 7.890E-04 8.559E-04 9.330E-04 1.078E-03 1.180E-03 1.191E-03 1.077E-03 9.383E-04
  1.200E+02  6.690E-04 7.690E-04 7.003E-04 6.342E-04 6.486E-04 7.313E-04 6.544E-04 7.014E-04 6.148E-04 6.467E-04 6.855E-04 6.240E-04 7.195E-04 6.538E-04 7.722E-04 7.948E-04 1.084E-03 1.115E-03 1.540E-03 2.675E-04 3.678E-04 8.477E-04 1.299E-03 1.738E-03 1.712E-03 1.264E-03 1.237E-03 9.955E-04 1.952E-04 4.628E-04 7.398E-04 6.456E-04 5.139E-04 4.625E-04 4.147E-04 3.829E-04 3.357E-04 3.057E-04 2.604E-04 2.162E-04 1.870E-04 1.108E-04 8.286E-05 7.877E-05 1.553E-04 2.082E-04 3.122E-04 3.775E-04 3.948E-04 5.072E-04 5.690E-04 6.333E-04 6.718E-04 7.596E-04 8.240E-04 8.994E-04 1.045E-03 1.153E-03 1.171E-03 1.073E-03 9.417E-04
  1.220E+02  6.271E-04 8.170E-04 6.374E-04 7.341E-04 6.024E-04 7.201E-04 6.876E-04 7.602E-04 6.619E-04 6.953E-04 6.402E-04 6.779E-04 7.395E-04 7.105E-04 8.069E-04 8.696E-04 1.158E-03 1.213E-03 1.638E-03 2.656E-04 3.621E-04 8.419E-04 1.315E-03 1.783E-03 1.757E-03 1.280E-03 1.246E-03 9.964E-04 1.898E-04 4.514E-04 7.286E-04 6.353E-04 5.057E-04 4.553E-04 4.082E-04 3.767E-04 3.300E-04 3.002E-04 2.553E-04 2.116E-04 1.827E-04 1.081E-04 8.090E-05 7.713E-05 1.527E-04 2.049E-04 3.071E-04 3.706E-04 3.873E-04 4.953E-04 5.539E-04 6.145E-04 6.506E-04 7.329E-04 7.950E-04 8.688E-04 1.015E-03 1.130E-03 1.154E-03 1.070E-03 9.462E-04
  1.240E+02  4.538E-04 5.941E-04 6.114E-04 7.453E-04 6.308E-04 6.433E-04 7.278E-04 7.022E-04 7.059E-04 7.379E-04 7.201E-04 6.085E-04 6.936E-04 7.745E-04 9.725E-04 1.049E-03 1.268E-03 1.395E-03 1.748E-03 2.638E-04 3.570E-04 8.424E-04 1.343E-03 1.843E-03 1.814E-03 1.301E-03 1.261E-03 9.999E-04 1.850E-04 4.412E-04 7.195E-04 6.273E-04 4.998E-04 4.500E-04 4.034E-04 3.721E-04 3.255E-04 2.957E-04 2.509E-04 2.074E-04 1.789E-04 1.057E-04 7.915E-05 7.567E-05 1.504E-04 2.019E-04 3.024E-04 3.645E-04 3.808E-04 4.847E-04 5.403E-04 5.975E-04 6.314E-04 7.088E-04 7.687E-04 8.411E-04 9.884E-04 1.109E-03 1.139E-03 1.068E-03 9.518E-04
  1.260E+02  3.615E-04 5.080E-04 5.965E-04 6.067E-04 6.913E-04 5.920E-04 6.066E-04 7.681E-04 7.422E-04 7.536E-04 8.431E-04 7.888E-04 7.820E-04 8.811E-04 1.055E-03 1.123E-03 1.362E-03 1.571E-03 1.863E-03 2.623E-04 3.527E-04 8.492E-04 1.383E-03 1.923E-03 1.885E-03 1.327E-03 1.279E-03 1.006E-03 1.806E-04 4.323E-04 7.123E-04 6.219E-04 4.962E-04 4.469E-04 4.003E-04 3.688E-04 3.219E-04 2.920E-04 2.471E-04 2.038E-04 1.755E-04 1.035E-04 7.760E-05 7.437E-05 1.484E-04 1.992E-04 2.983E-04 3.591E-04 3.749E-04 4.753E-04 5.281E-04 5.822E-04 6.142E-04 6.869E-04 7.449E-04 8.160E-04 9.641E-04 1.090E-03 1.127E-03 1.068E-03 9.583E-04
  1.280E+02  3.399E-04 5.576E-04 4.828E-04 5.308E-04 6.535E-04 6.710E-04 6.700E-04 6.742E-04 8.504E-04 8.812E-04 8.780E-04 8.335E-04 8.442E-04 9.847E-04 1.239E-03 1.276E-03 1.492E-03 1.744E-03 1.971E-03 2.610E-04 3.489E-04 8.629E-04 1.435E-03 2.021E-03 1.967E-03 1.359E-03 1.301E-03 1.014E-03 1.768E-04 4.245E-04 7.073E-04 6.193E-04 4.950E-04 4.456E-04 3.986E-04 3.667E-04 3.192E-04 2.890E-04 2.438E-04 2.006E-04 1.725E-04 1.016E-04 7.622E-05 7.321E-05 1.465E-04 1.969E-04 2.947E-04 3.543E-04 3.698E-04 4.670E-04 5.174E-04 5.687E-04 5.989E-04 6.674E-04 7.235E-04 7.934E-04 9.422E-04 1.074E-03 1.116E-03 1.070E-03 9.655E-04
  1.300E+02  2.539E-04 3.480E-04 4.355E-04 5.377E-04 5.580E-04 6.835E-04 6.986E-04 9.359E-04 7.832E-04 8.095E-04 1.029E-03 1.095E-03 1.050E-03 1.403E-03 1.558E-03 1.542E-03 1.778E-03 1.964E-03 2.067E-03 2.598E-04 3.458E-04 8.844E-04 1.503E-03 2.138E-03 2.062E-03 1.395E-03 1.327E-03 1.023E-03 1.733E-04 4.180E-04 7.049E-04 6.201E-04 4.963E-04 4.461E-04 3.981E-04 3.656E-04 3.171E-04 2.864E-04 2.409E-04 1.976E-04 1.698E-04 9.989E-05 7.501E-05 7.219E-05 1.449E-04 1.948E-04 2.915E-04 3.501E-04 3.653E-04 4.597E-04 5.080E-04 5.567E-04 5.853E-04 6.499E-04 7.043E-04 7.731E-04 9.227E-04 1.060E-03 1.107E-03 1.072E-03 9.733E-04
  1.320E+02  2.576E-04 3.524E-04 4.774E-04 6.128E-04 8.066E-04 8.162E-04 1.048E-03 1.005E-03 1.214E-03 1.256E-03 1.303E-03 1.221E-03 1.420E-03 1.460E-03 1.708E-03 1.731E-03 2.100E-03 2.179E-03 2.151E-03 2.588E-04 3.433E-04 9.147E-04 1.591E-03 2.272E-03 2.170E-03 1.435E-03 1.356E-03 1.033E-03 1.703E-04 4.131E-04 7.058E-04 6.246E-04 4.997E-04 4.482E-04 3.987E-04 3.651E-04 3.155E-04 2.842E-04 2.382E-04 1.950E-04 1.674E-04 9.843E-05 7.396E-05 7.129E-05 1.435E-04 1.930E-04 2.887E-04 3.464E-04 3.614E-04 4.534E-04 4.997E-04 5.462E-04 5.733E-04 6.344E-04 6.873E-04 7.550E-04 9.053E-04 1.047E-03 1.100E-03 1.075E-03 9.818E-04
  1.340E+02  2.607E-04 4.287E-04 5.826E-04 8.870E-04 9.970E-04 9.549E-04 1.258E-03 1.314E-03 1.382E-03 1.397E-03 1.471E-03 1.903E-03 1.661E-03 1.961E-03 2.070E-03 1.945E-03 2.384E-03 2.366E-03 2.223E-03 2.579E-04 3.415E-04 9.547E-04 1.700E-03 2.425E-03 2.290E-03 1.480E-03 1.387E-03 1.044E-03 1.678E-04 4.100E-04 7.109E-04 6.332E-04 5.051E-04 4.514E-04 3.998E-04 3.650E-04 3.140E-04 2.822E-04 2.357E-04 1.926E-04 1.652E-04 9.718E-05 7.306E-05 7.051E-05 1.423E-04 1.914E-04 2.863E-04 3.433E-04 3.580E-04 4.480E-04 4.927E-04 5.371E-04 5.629E-04 6.208E-04 6.723E-04 7.390E-04 8.899E-04 1.037E-03 1.094E-03 1.078E-03 9.906E-04
  1.360E+02  2.780E-04 6.449E-04 1.063E-03 1.553E-03 1.473E-03 1.576E-03 1.851E-03 1.941E-03 2.091E-03 2.124E-03 2.199E-03 1.932E-03 2.256E-03 2.210E-03 2.441E-03 2.279E-03 2.685E-03 2.613E-03 2.277E-03 2.571E-04 3.401E-04 1.006E-03 1.831E-03 2.600E-03 2.422E-03 1.527E-03 1.418E-03 1.057E-03 1.658E-04 4.092E-04 7.215E-04 6.459E-04 5.119E-04 4.553E-04 4.012E-04 3.651E-04 3.126E-04 2.802E-04 2.334E-04 1.904E-04 1.633E-04 9.616E-05 7.230E-05 6.984E-05 1.412E-04 1.900E-04 2.842E-04 3.406E-04 3.551E-04 4.434E-04 4.867E-04 5.294E-04 5.540E-04 6.090E-04 6.591E-04 7.249E-04 8.764E-04 1.027E-03 1.089E-03 1.083E-03 9.998E-04
  1.380E+02  6.085E-04 1.331E-03 2.064E-03 2.499E-03 2.407E-03 2.418E-03 2.835E-03 2.585E-03 2.831E-03 2.839E-03 2.725E-03 2.716E-03 2.722E-03 2.579E-03 2.683E-03 2.651E-03 2.918E-03 2.923E-03 2.303E-03 2.564E-04 3.394E-04 1.069E-03 1.985E-03 2.796E-03 2.565E-03 1.575E-03 1.449E-03 1.071E-03 1.642E-04 4.111E-04 7.386E-04 6.624E-04 5.195E-04 4.593E-04 4.024E-04 3.648E-04 3.110E-04 2.782E-04 2.313E-04 1.885E-04 1.617E-04 9.535E-05 7.169E-05 6.927E-05 1.403E-04 1.888E-04 2.825E-04 3.384E-04 3.528E-04 4.396E-04 4.817E-04 5.229E-04 5.465E-04 5.989E-04 6.477E-04 7.126E-04 8.645E-04 1.020E-03 1.086E-03 1.088E-03 1.009E-03
  1.400E+02  1.355E-03 2.735E-03 3.132E-03 3.599E-03 3.412E-03 3.364E-03 3.707E-03 3.442E-03 3.289E-03 3.256E-03 3.283E-03 3.315E-03 3.247E-03 3.251E-03 3.127E-03 3.039E-03 3.243E-03 3.158E-03 2.298E-03 2.558E-04 3.391E-04 1.144E-03 2.165E-03 3.008E-03 2.715E-03 1.622E-03 1.481E-03 1.089E-03 1.632E-04 4.162E-04 7.629E-04 6.819E-04 5.270E-04 4.628E-04 4.030E-04 3.642E-04 3.093E-04 2.761E-04 2.292E-04 1.869E-04 1.604E-04 9.477E-05 7.120E-05 6.880E-05 1.395E-04 1.878E-04 2.810E-04 3.366E-04 3.508E-04 4.366E-04 4.777E-04 5.176E-04 5.403E-04 5.904E-04 6.380E-04 7.020E-04 8.542E-04 1.013E-03 1.083E-03 1.093E-03 1.019E-03
  1.420E+02  3.203E-03 4.955E-03 4.645E-03 4.631E-03 4.185E-03 4.279E-03 4.171E-03 4.358E-03 3.890E-03 3.814E-03 4.163E-03 3.507E-03 3.366E-03 3.529E-03 3.450E-03 3.271E-03 3.637E-03 3.246E-03 2.262E-03 2.553E-04 3.393E-04 1.233E-03 2.370E-03 3.233E-03 2.867E-03 1.667E-03 1.514E-03 1.115E-03 1.627E-04 4.244E-04 7.945E-04 7.031E-04 5.334E-04 4.651E-04 4.027E-04 3.628E-04 3.072E-04 2.740E-04 2.275E-04 1.856E-04 1.595E-04 9.443E-05 7.086E-05 6.842E-05 1.388E-04 1.870E-04 2.799E-04 3.352E-04 3.493E-04 4.343E-04 4.746E-04 5.134E-04 5.353E-04 5.834E-04 6.298E-04 6.929E-04 8.454E-04 1.008E-03 1.081E-03 1.099E-03 1.028E-03
  1.440E+02  5.775E-03 5.593E-03 4.750E-03 4.506E-03 4.326E-03 4.419E-03 4.159E-03 4.013E-03 4.217E-03 4.224E-03 3.918E-03 3.691E-03 3.970E-03 3.738E-03 3.411E-03 3.325E-03 3.749E-03 3.274E-03 2.201E-03 2.549E-04 3.402E-04 1.333E-03 2.594E-03 3.466E-03 3.015E-03 1.708E-03 1.555E-03 1.153E-03 1.626E-04 4.355E-04 8.320E-04 7.238E-04 5.378E-04 4.658E-04 4.013E-04 3.608E-04 3.050E-04 2.720E-04 2.260E-04 1.848E-04 1.590E-04 9.433E-05 7.064E-05 6.813E-05 1.383E-04 1.864E-04 2.790E-04 3.342E-04 3.483E-04 4.326E-04 4.723E-04 5.102E-04 5.314E-04 5.777E-04 6.231E-04 6.853E-04 8.379E-04 1.003E-03 1.080E-03 1.105E-03 1.038E-03
  1.460E+02  5.837E-03 4.077E-03 3.259E-03 3.234E-03 3.154E-03 3.643E-03 3.416E-03 3.664E-03 3.215E-03 3.286E-03 3.399E-03 3.686E-03 3.510E-03 3.606E-03 3.644E-03 3.394E-03 3.746E-03 3.314E-03 2.126E-03 2.546E-04 3.418E-04 1.441E-03 2.827E-03 3.697E-03 3.150E-03 1.750E-03 1.613E-03 1.208E-03 1.627E-04 4.485E-04 8.726E-04 7.416E-04 5.395E-04 4.645E-04 3.988E-04 3.581E-04 3.027E-04 2.702E-04 2.251E-04 1.846E-04 1.591E-04 9.448E-05 7.056E-05 6.792E-05 1.379E-04 1.859E-04 2.784E-04 3.335E-04 3.476E-04 4.315E-04 4.708E-04 5.080E-04 5.287E-04 5.733E-04 6.176E-04 6.791E-04 8.316E-04 1.000E-03 1.080E-03 1.111E-03 1.047E-03
  1.480E+02  3.281E-03 2.385E-03 2.290E-03 2.309E-03 2.379E-03 2.484E-03 2.382E-03 2.709E-03 2.774E-03 2.931E-03 2.991E-03 2.948E-03 3.228E-03 3.405E-03 3.409E-03 3.399E-03 3.686E-03 3.325E-03 2.053E-03 2.543E-04 3.451E-04 1.553E-03 3.057E-03 3.913E-03 3.269E-03 1.804E-03 1.700E-03 1.280E-03 1.629E-04 4.618E-04 9.120E-04 7.540E-04 5.378E-04 4.611E-04 3.953E-04 3.550E-04 3.007E-04 2.689E-04 2.248E-04 1.849E-04 1.597E-04 9.489E-05 7.060E-05 6.778E-05 1.376E-04 1.855E-04 2.780E-04 3.331E-04 3.472E-04 4.310E-04 4.700E-04 5.066E-04 5.269E-04 5.701E-04 6.134E-04 6.740E-04 8.264E-04 9.973E-04 1.080E-03 1.117E-03 1.057E-03
  1.500E+02  2.497E-03 2.611E-03 2.214E-03 2.251E-03 1.999E-03 2.290E-03 2.062E-03 2.217E-03 2.322E-03 2.459E-03 2.457E-03 2.448E-03 2.648E-03 2.706E-03 2.807E-03 3.307E-03 3.381E-03 3.265E-03 1.992E-03 2.541E-04 3.510E-04 1.672E-03 3.278E-03 4.105E-03 3.381E-03 1.889E-03 1.826E-03 1.367E-03 1.630E-04 4.730E-04 9.446E-04 7.587E-04 5.327E-04 4.560E-04 3.912E-04 3.520E-04 2.992E-04 2.684E-04 2.253E-04 1.861E-04 1.609E-04 9.554E-05 7.076E-05 6.772E-05 1.374E-04 1.853E-04 2.778E-04 3.331E-04 3.472E-04 4.310E-04 4.698E-04 5.060E-04 5.259E-04 5.679E-04 6.102E-04 6.700E-04 8.221E-04 9.954E-04 1.081E-03 1.123E-03 1.066E-03
  1.520E+02  3.021E-03 2.689E-03 2.414E-03 2.363E-03 2.301E-03 2.199E-03 2.196E-03 2.052E-03 2.255E-03 2.333E-03 2.103E-03 1.905E-03 2.388E-03 2.192E-03 2.600E-03 3.007E-03 3.139E-03 3.109E-03 1.948E-03 2.539E-04 3.610E-04 1.811E-03 3.509E-03 4.290E-03 3.525E-03 2.027E-03 1.993E-03 1.462E-03 1.625E-04 4.796E-04 9.644E-04 7.540E-04 5.246E-04 4.497E-04 3.872E-04 3.495E-04 2.988E-04 2.690E-04 2.269E-04 1.881E-04 1.629E-04 9.645E-05 7.103E-05 6.773E-05 1.373E-04 1.852E-04 2.779E-04 3.333E-04 3.474E-04 4.315E-04 4.702E-04 5.061E-04 5.257E-04 5.667E-04 6.080E-04 6.670E-04 8.188E-04 9.941E-04 1.082E-03 1.129E-03 1.074E-03
  1.540E+02  2.624E-03 2.552E-03 2.356E-03 2.372E-03 2.143E-03 2.304E-03 2.325E-03 2.341E-03 2.100E-03 2.135E-03 2.084E-03 2.173E-03 2.183E-03 2.388E-03 2.520E-03 2.565E-03 3.036E-03 2.907E-03 1.931E-03 2.538E-04 3.762E-04 2.006E-03 3.805E-03 4.540E-03 3.767E-03 2.233E-03 2.190E-03 1.549E-03 1.612E-04 4.791E-04 9.661E-04 7.398E-04 5.145E-04 4.432E-04 3.840E-04 3.482E-04 2.998E-04 2.710E-04 2.297E-04 1.910E-04 1.655E-04 9.758E-05 7.140E-05 6.779E-05 1.373E-04 1.852E-04 2.781E-04 3.337E-04 3.479E-04 4.323E-04 4.710E-04 5.068E-04 5.262E-04 5.662E-04 6.065E-04 6.648E-04 8.161E-04 9.932E-04 1.083E-03 1.135E-03 1.083E-03
  1.560E+02  2.503E-03 2.234E-03 1.995E-03 2.128E-03 2.100E-03 2.369E-03 2.061E-03 2.374E-03 2.121E-03 2.153E-03 2.079E-03 2.394E-03 2.465E-03 2.367E-03 2.326E-03 2.527E-03 2.938E-03 2.794E-03 1.954E-03 2.538E-04 3.959E-04 2.304E-03 4.257E-03 4.973E-03 4.181E-03 2.497E-03 2.384E-03 1.607E-03 1.591E-04 4.698E-04 9.466E-04 7.169E-04 5.037E-04 4.375E-04 3.824E-04 3.488E-04 3.025E-04 2.746E-04 2.338E-04 1.948E-04 1.688E-04 9.893E-05 7.186E-05 6.791E-05 1.373E-04 1.853E-04 2.784E-04 3.344E-04 3.486E-04 4.335E-04 4.723E-04 5.080E-04 5.272E-04 5.664E-04 6.059E-04 6.634E-04 8.142E-04 9.928E-04 1.085E-03 1.141E-03 1.091E-03
  1.580E+02  2.589E-03 2.070E-03 2.137E-03 2.103E-03 2.094E-03 2.121E-03 1.951E-03 2.162E-03 2.074E-03 2.169E-03 2.335E-03 2.333E-03 2.338E-03 2.476E-03 2.454E-03 2.584E-03 2.986E-03 2.807E-03 2.015E-03 2.538E-04 4.172E-04 2.738E-03 4.955E-03 5.692E-03 4.789E-03 2.775E-03 2.527E-03 1.618E-03 1.560E-04 4.511E-04 9.057E-04 6.882E-04 4.942E-04 4.341E-04 3.833E-04 3.517E-04 3.073E-04 2.800E-04 2.392E-04 1.995E-04 1.728E-04 1.005E-04 7.239E-05 6.806E-05 1.374E-04 1.855E-04 2.789E-04 3.352E-04 3.495E-04 4.349E-04 4.739E-04 5.095E-04 5.286E-04 5.671E-04 6.057E-04 6.626E-04 8.128E-04 9.928E-04 1.087E-03 1.146E-03 1.098E-03
  1.600E+02  2.177E-03 2.271E-03 2.135E-03 2.118E-03 1.867E-03 1.933E-03 1.985E-03 2.183E-03 2.231E-03 2.344E-03 2.278E-03 2.103E-03 2.301E-03 2.445E-03 2.616E-03 2.534E-03 3.135E-03 2.912E-03 2.092E-03 2.537E-04 4.343E-04 3.283E-03 5.898E-03 6.667E-03 5.501E-03 2.989E-03 2.567E-03 1.566E-03 1.522E-04 4.239E-04 8.473E-04 6.574E-04 4.877E-04 4.339E-04 3.873E-04 3.574E-04 3.144E-04 2.872E-04 2.459E-04 2.050E-04 1.774E-04 1.021E-04 7.298E-05 6.825E-05 1.376E-04 1.858E-04 2.795E-04 3.361E-04 3.505E-04 4.365E-04 4.757E-04 5.114E-04 5.304E-04 5.683E-04 6.061E-04 6.622E-04 8.119E-04 9.930E-04 1.088E-03 1.151E-03 1.105E-03
  1.620E+02  2.319E-03 1.879E-03 1.872E-03 1.960E-03 1.818E-03 2.142E-03 2.024E-03 2.299E-03 2.213E-03 2.352E-03 2.200E-03 2.082E-03 2.305E-03 2.428E-03 2.825E-03 2.882E-03 3.386E-03 3.125E-03 2.232E-03 2.537E-04 4.401E-04 3.806E-03 6.892E-03 7.647E-03 6.087E-03 3.044E-03 2.465E-03 1.451E-03 1.480E-04 3.910E-04 7.786E-04 6.291E-04 4.859E-04 4.380E-04 3.947E-04 3.661E-04 3.236E-04 2.962E-04 2.537E-04 2.113E-04 1.824E-04 1.039E-04 7.361E-05 6.847E-05 1.378E-04 1.861E-04 2.802E-04 3.371E-04 3.517E-04 4.382E-04 4.776E-04 5.134E-04 5.324E-04 5.697E-04 6.068E-04 6.623E-04 8.114E-04 9.934E-04 1.090E-03 1.156E-03 1.111E-03
  1.640E+02  2.258E-03 1.902E-03 1.827E-03 2.002E-03 2.077E-03 2.102E-03 2.018E-03 2.336E-03 2.209E-03 2.328E-03 2.387E-03 2.021E-03 2.271E-03 2.434E-03 2.980E-03 3.265E-03 3.772E-03 3.473E-03 2.641E-03 2.535E-04 4.298E-04 4.089E-03 7.534E-03 8.181E-03 6.246E-03 2.875E-03 2.217E-03 1.286E-03 1.439E-04 3.561E-04 7.093E-04 6.077E-04 4.898E-04 4.467E-04 4.058E-04 3.776E-04 3.348E-04 3.066E-04 2.625E-04 2.180E-04 1.877E-04 1.057E-04 7.425E-05 6.870E-05 1.380E-04 1.864E-04 2.809E-04 3.382E-04 3.528E-04 4.400E-04 4.796E-04 5.155E-04 5.345E-04 5.714E-04 6.078E-04 6.627E-04 8.111E-04 9.939E-04 1.092E-03 1.160E-03 1.117E-03
  1.660E+02  2.140E-03 1.934E-03 1.962E-03 1.898E-03 1.947E-03 1.979E-03 1.978E-03 1.927E-03 2.419E-03 2.557E-03 2.149E-03 2.255E-03 2.725E-03 2.567E-03 2.884E-03 3.438E-03 4.191E-03 4.228E-03 3.553E-03 2.533E-04 4.047E-04 3.925E-03 7.378E-03 7.841E-03 5.766E-03 2.482E-03 1.863E-03 1.102E-03 1.404E-04 3.233E-04 6.493E-04 5.965E-04 4.998E-04 4.599E-04 4.199E-04 3.916E-04 3.475E-04 3.181E-04 2.717E-04 2.249E-04 1.931E-04 1.074E-04 7.489E-05 6.893E-05 1.382E-04 1.868E-04 2.816E-04 3.392E-04 3.539E-04 4.417E-04 4.816E-04 5.177E-04 5.366E-04 5.731E-04 6.089E-04 6.632E-04 8.111E-04 9.945E-04 1.093E-03 1.164E-03 1.122E-03
  1.680E+02  2.094E-03 1.953E-03 2.042E-03 2.122E-03 1.789E-03 2.069E-03 2.304E-03 2.343E-03 2.269E-03 2.460E-03 2.345E-03 2.499E-03 2.967E-03 2.831E-03 3.102E-03 4.007E-03 5.171E-03 5.836E-03 4.740E-03 2.530E-04 3.741E-04 3.277E-03 6.253E-03 6.542E-03 4.696E-03 1.954E-03 1.477E-03 9.310E-04 1.379E-04 2.964E-04 6.064E-04 5.972E-04 5.154E-04 4.768E-04 4.364E-04 4.072E-04 3.610E-04 3.301E-04 2.812E-04 2.318E-04 1.984E-04 1.091E-04 7.549E-05 6.916E-05 1.384E-04 1.871E-04 2.823E-04 3.402E-04 3.550E-04 4.433E-04 4.835E-04 5.197E-04 5.387E-04 5.748E-04 6.100E-04 6.639E-04 8.112E-04 9.952E-04 1.095E-03 1.167E-03 1.127E-03
  1.700E+02  2.193E-03 2.077E-03 1.996E-03 1.994E-03 2.106E-03 2.376E-03 2.240E-03 2.461E-03 2.572E-03 2.751E-03 2.423E-03 2.611E-03 3.164E-03 3.204E-03 3.845E-03 5.242E-03 7.272E-03 7.675E-03 5.291E-03 2.528E-04 3.528E-04 2.379E-03 4.523E-03 4.737E-03 3.398E-03 1.437E-03 1.150E-03 8.056E-04 1.366E-04 2.778E-04 5.846E-04 6.089E-04 5.350E-04 4.960E-04 4.541E-04 4.233E-04 3.746E-04 3.419E-04 2.903E-04 2.384E-04 2.033E-04 1.107E-04 7.605E-05 6.937E-05 1.386E-04 1.874E-04 2.829E-04 3.411E-04 3.560E-04 4.449E-04 4.853E-04 5.216E-04 5.406E-04 5.765E-04 6.112E-04 6.646E-04 8.114E-04 9.958E-04 1.096E-03 1.170E-03 1.131E-03
  1.720E+02  2.337E-03 2.098E-03 2.173E-03 2.317E-03 1.984E-03 2.654E-03 2.372E-03 2.823E-03 2.775E-03 3.025E-03 3.039E-03 3.083E-03 3.512E-03 3.854E-03 5.398E-03 6.855E-03 8.768E-03 7.679E-03 4.489E-03 2.527E-04 3.540E-04 1.651E-03 2.997E-03 3.249E-03 2.392E-03 1.077E-03 9.475E-04 7.418E-04 1.364E-04 2.677E-04 5.831E-04 6.289E-04 5.565E-04 5.158E-04 4.715E-04 4.390E-04 3.874E-04 3.528E-04 2.985E-04 2.442E-04 2.078E-04 1.121E-04 7.654E-05 6.955E-05 1.388E-04 1.877E-04 2.835E-04 3.419E-04 3.569E-04 4.462E-04 4.868E-04 5.232E-04 5.422E-04 5.779E-04 6.122E-04 6.653E-04 8.117E-04 9.964E-04 1.097E-03 1.173E-03 1.134E-03
  1.740E+02  2.569E-03 2.288E-03 2.546E-03 2.757E-03 2.537E-03 2.971E-03 3.261E-03 3.514E-03 3.219E-03 3.569E-03 3.444E-03 4.009E-03 4.886E-03 5.729E-03 7.337E-03 7.205E-03 7.031E-03 5.533E-03 3.078E-03 2.527E-04 3.813E-04 1.447E-03 2.431E-03 2.763E-03 2.050E-03 9.437E-04 8.852E-04 7.358E-04 1.370E-04 2.648E-04 5.963E-04 6.527E-04 5.773E-04 5.341E-04 4.872E-04 4.528E-04 3.985E-04 3.622E-04 3.055E-04 2.492E-04 2.115E-04 1.132E-04 7.693E-05 6.971E-05 1.390E-04 1.879E-04 2.839E-04 3.426E-04 3.576E-04 4.472E-04 4.880E-04 5.246E-04 5.436E-04 5.791E-04 6.131E-04 6.659E-04 8.119E-04 9.968E-04 1.098E-03 1.175E-03 1.137E-03
  1.760E+02  3.188E-03 2.953E-03 3.271E-03 3.282E-03 3.598E-03 4.168E-03 4.076E-03 5.641E-03 6.260E-03 7.226E-03 7.029E-03 7.349E-03 8.341E-03 7.491E-03 5.948E-03 5.626E-03 5.363E-03 4.977E-03 2.757E-03 2.529E-04 4.246E-04 1.786E-03 2.950E-03 3.322E-03 2.349E-03 9.992E-04 9.252E-04 7.658E-04 1.380E-04 2.662E-04 6.154E-04 6.748E-04 5.945E-04 5.489E-04 4.996E-04 4.636E-04 4.071E-04 3.695E-04 3.109E-04 2.529E-04 2.142E-04 1.140E-04 7.723E-05 6.982E-05 1.391E-04 1.881E-04 2.843E-04 3.431E-04 3.581E-04 4.480E-04 4.889E-04 5.255E-04 5.446E-04 5.800E-04 6.137E-04 6.663E-04 8.121E-04 9.972E-04 1.099E-03 1.176E-03 1.139E-03
  1.780E+02  5.828E-03 6.423E-03 7.867E-03 8.343E-03 7.752E-03 7.792E-03 6.632E-03 6.783E-03 6.009E-03 5.860E-03 5.231E-03 4.732E-03 4.899E-03 5.513E-03 5.946E-03 7.162E-03 9.113E-03 8.200E-03 3.841E-03 2.531E-04 4.639E-04 2.314E-03 3.902E-03 4.264E-03 2.876E-03 1.121E-03 9.953E-04 8.013E-04 1.388E-04 2.687E-04 6.315E-04 6.905E-04 6.059E-04 5.585E-04 5.075E-04 4.705E-04 4.125E-04 3.740E-04 3.142E-04 2.552E-04 2.160E-04 1.146E-04 7.741E-05 6.989E-05 1.392E-04 1.882E-04 2.845E-04 3.434E-04 3.585E-04 4.485E-04 4.895E-04 5.262E-04 5.452E-04 5.805E-04 6.141E-04 6.666E-04 8.123E-04 9.974E-04 1.099E-03 1.177E-03 1.140E-03
  1.800E+02  9.347E-03 1.001E-02 9.754E-03 9.685E-03 7.711E-03 8.884E-03 1.112E-02 1.348E-02 8.179E-03 8.780E-03 8.380E-03 7.833E-03 9.056E-03 1.061E-02 9.510E-03 9.844E-03 1.265E-02 1.060E-02 4.605E-03 2.532E-04 4.797E-04 2.562E-03 4.363E-03 4.711E-03 3.127E-03 1.180E-03 1.028E-03 8.165E-04 1.392E-04 2.698E-04 6.378E-04 6.961E-04 6.098E-04 5.618E-04 5.103E-04 4.728E-04 4.144E-04 3.755E-04 3.154E-04 2.560E-04 2.165E-04 1.147E-04 7.747E-05 6.991E-05 1.392E-04 1.882E-04 2.845E-04 3.435E-04 3.586E-04 4.487E-04 4.897E-04 5.264E-04 5.454E-04 5.807E-04 6.143E-04 6.667E-04 8.123E-04 9.975E-04 1.099E-03 1.177E-03 1.140E-03
